437
425
428
426
418
440
416
462
439
423
415
432
435
422
426
424
437
424
435
423
433
422
433
419
417
418
417
417
408
409
408
409
407
430
423
429
423
406
425
405
424
451
412
451
412
427
415
427
413
411
412
PWM set: -380
407
453
429
414
406
424
426
414
417
416
408
430
407
453
429
415
418
429
419
414
416
415
416
414
409
406
408
406
429
424
429
423
406
426
406
425
452
413
452
413
452
417
428
417
428
415
414
415
413
408
405
PWM set: -360
430
434
433
425
446
423
471
446
431
423
440
444
431
435
433
425
447
435
447
436
448
436
447
436
448
436
448
436
448
436
448
437
448
437
449
436
449
437
449
434
475
434
475
433
475
434
474
434
475
434
474
PWM set: -340
448
466
469
456
460
458
450
473
449
499
473
456
448
467
469
457
450
448
459
458
460
474
462
474
458
500
459
450
471
450
469
476
450
452
450
461
459
461
475
463
476
459
502
472
452
472
476
470
477
451
453
PWM set: -320
480
533
505
489
480
500
503
489
493
490
481
506
480
534
506
488
499
481
480
490
506
489
534
502
508
501
483
490
494
507
490
481
504
508
481
493
490
496
535
505
484
503
484
482
492
508
491
536
504
510
483
PWM set: -300
522
527
524
514
542
514
572
542
524
515
536
537
523
528
525
516
543
514
527
545
526
517
538
529
546
526
517
539
518
526
531
575
540
546
518
532
576
542
546
517
529
547
527
519
540
520
547
527
520
540
521
PWM set: -280
555
616
584
563
554
577
580
564
569
567
557
586
555
617
585
564
555
565
556
580
568
587
582
587
567
571
618
580
558
588
566
588
558
571
620
583
559
567
569
560
559
572
589
585
589
569
574
559
584
572
590
PWM set: -260
600
625
628
611
616
614
602
634
601
668
632
611
600
626
628
611
617
603
634
613
636
613
614
637
604
620
605
603
621
673
631
619
673
633
609
639
634
608
638
616
640
616
616
640
606
624
608
606
623
675
632
PWM set: -240
688
670
676
673
660
695
660
733
694
670
658
687
690
671
677
674
662
696
671
690
663
696
690
663
696
692
677
737
690
677
736
690
680
665
662
681
664
663
676
700
675
675
700
675
695
667
700
695
666
701
693
PWM set: -220
766
746
753
749
736
774
735
817
773
746
733
763
767
747
753
750
736
773
816
732
754
775
747
770
738
817
766
755
738
749
749
738
776
766
753
738
734
748
776
774
769
753
819
733
754
775
748
770
738
817
765
PWM set: -200
849
854
832
839
835
820
862
820
909
862
831
816
851
855
831
839
835
820
861
862
852
842
864
862
856
837
822
835
859
837
821
818
834
823
914
820
835
823
864
854
843
868
867
856
845
826
837
862
842
827
837
PWM set: -180
949
932
971
976
950
959
955
939
988
939
1041
986
950
933
973
976
948
958
953
984
985
972
960
986
984
972
960
986
984
972
961
987
985
974
961
986
985
978
964
991
988
977
965
990
991
980
965
991
990
981
966
PWM set: -160
1108
1100
1081
1136
1080
1197
1134
1096
1077
1122
1128
1096
1106
1099
1080
1135
1197
1078
1100
1081
1201
1079
1098
1084
1202
1079
1098
1083
1200
1079
1098
1083
1203
1079
1098
1086
1203
1082
1103
1089
1206
1082
1104
1088
1204
1082
1106
1089
1204
1081
1103
PWM set: -140
1284
1298
1290
1268
1333
1268
1403
1329
1281
1260
1313
1321
1284
1296
1288
1264
1328
1326
1313
1299
1333
1331
1316
1297
1331
1332
1317
1299
1332
1332
1317
1297
1333
1335
1321
1299
1338
1336
1319
1302
1335
1334
1314
1299
1335
1333
1318
1299
1335
1335
1313
PWM set: -120
1566
1576
1531
1549
1538
1514
1592
1518
1681
1592
1533
1503
1564
1577
1534
1549
1539
1594
1680
1532
1581
1552
1514
1513
1584
1563
1531
1533
1585
1584
1505
1579
1548
1508
1672
1527
1564
1529
1506
1509
1588
1511
1545
1546
1593
1682
1537
1579
1555
1519
1523
PWM set: -100
1948
1855
2054
1948
1878
1850
1926
1944
1889
1904
1884
1857
1955
1868
2067
1962
1892
1939
1900
1894
1964
2076
1904
1951
1912
1911
1978
2084
1898
1936
1894
1894
1960
2068
1890
1932
1895
1896
1967
2073
1886
1931
1891
1890
1956
2061
1882
1928
1893
1899
1973
PWM set: -80
2376
2505
2393
2645
2502
2413
2372
2468
2493
2422
2438
2417
2379
2509
2392
2639
2490
2352
2472
2428
2379
2397
2504
2374
2496
2446
2388
2399
2492
2353
2470
2420
2367
2385
2504
2376
2500
2444
2375
2378
2485
2362
2488
2445
2388
2403
2509
2375
2487
2423
2358
PWM set: -60
3297
3259
3452
3306
3662
3462
3344
3293
3434
3480
3390
3395
3347
3275
3447
3289
3635
3317
3409
3373
3358
3525
3730
3390
3442
3364
3310
3448
3643
3319
3392
3339
3309
3449
3641
3303
3360
3288
3246
3395
3607
3295
3389
3349
3321
3458
3632
3292
3352
3287
3252
PWM set: -40
5039
4973
4928
5304
5098
5619
5231
5060
4940
5111
5182
5064
5030
4965
4920
5286
5072
5574
5199
5030
4931
5124
5216
5100
5056
4975
4910
5258
5024
5527
5144
4971
4859
5048
5126
4997
4956
4872
4815
5163
4956
5466
5117
4958
4870
5076
5170
5055
5007
4925
4866
PWM set: -20
8854
8552
8500
9522
9284
10108
9091
8959
8752
9152
9560
9636
9180
8906
8885
10029
9677
10392
9214
9004
8726
9055
9411
9458
9042
8771
8780
9939
9704
10529
9388
9215
8946
9316
9659
9665
9113
8777
8691
9674
9271
10009
9019
8903
8696
9058
9372
9348
8895
8628
8651
PWM set: 0
0
0
0
0
0
0
0
0
0
0
0
0
0
0
0
0
0
0
0
0
0
0
0
0
0
0
0
0
0
0
0
0
0
0
0
0
0
0
0
0
0
0
0
0
0
0
0
0
0
0
0
PWM set: 20
9187
9098
10292
9876
10077
9357
9756
9569
10487
10984
10613
9908
9423
9177
10268
9748
10073
9403
9912
9668
10606
11156
10891
10188
9689
9553
10917
10404
10604
9757
10184
9854
10774
11200
10811
9990
9482
9267
10480
9962
10177
9423
9800
9543
10419
10980
10623
9968
9486
9327
10598
PWM set: 40
5290
5328
5564
5479
5622
5425
5299
5369
5625
5912
5422
5495
5214
5216
5381
5267
5382
5233
5123
5215
5490
5796
5372
5484
5261
5293
5524
5428
5553
5360
5211
5268
5502
5791
5335
5447
5217
5272
5504
5433
5584
5418
5304
5338
5570
5821
5357
5441
5204
5239
5459
PWM set: 60
3367
3406
3467
3424
3515
3456
3334
3412
3556
3749
3429
3547
3388
3435
3501
3461
3556
3382
3584
3416
3362
3467
3523
3355
3580
3444
3394
3518
3574
3391
3587
3424
3377
3496
3549
3377
3613
3477
3433
3557
3585
3389
3597
3461
3413
3525
3571
3400
3617
3471
3418
PWM set: 80
2571
2450
2490
2521
2490
2556
2537
2444
2511
2603
2745
2496
2596
2471
2511
2539
2508
2541
2506
2739
2586
2502
2498
2538
2504
2734
2584
2501
2492
2534
2501
2730
2578
2495
2500
2547
2517
2747
2589
2494
2495
2542
2511
2737
2579
2509
2520
2575
2543
2772
2594
PWM set: 100
1936
2015
1922
1959
1980
1961
2016
2006
1924
1975
2039
2141
1935
2010
1913
1952
1970
2004
1911
2027
1938
1926
1986
2022
1927
2033
1937
1922
1980
2013
1918
2038
1950
1936
1995
2028
1928
2035
1942
1926
1983
2012
1920
2042
1956
1941
1998
2022
1919
2035
1942
PWM set: 120
1731
1569
1638
1561
1591
1603
1587
1624
1612
1544
1582
1637
1723
1562
1627
1549
1579
1574
1610
1587
1731
1635
1585
1575
1606
1579
1719
1623
1576
1574
1610
1589
1730
1627
1573
1568
1601
1574
1714
1617
1570
1571
1608
1584
1715
1615
1566
1563
1599
1575
1713
PWM set: 140
1376
1447
1308
1360
1295
1319
1329
1316
1352
1346
1291
1324
1370
1442
1307
1361
1297
1323
1297
1440
1293
1315
1287
1439
1298
1320
1288
1435
1290
1311
1285
1438
1296
1311
1283
1432
1289
1308
1284
1440
1293
1309
1283
1432
1288
1308
1286
1439
1290
1308
1283
PWM set: 160
1103
1132
1172
1234
1117
1160
1105
1125
1133
1120
1152
1145
1098
1126
1164
1227
1112
1125
1156
1134
1114
1126
1154
1130
1112
1128
1158
1131
1112
1125
1153
1128
1113
1129
1158
1129
1111
1124
1151
1126
1113
1128
1152
1126
1112
1125
1151
1128
1115
1125
1150
PWM set: 180
1000
996
954
979
1013
1066
967
1006
959
978
985
972
1000
993
952
976
1011
1062
958
971
955
1066
959
972
953
1064
957
973
956
1065
957
970
952
1062
956
973
954
1060
955
970
951
1061
957
972
952
1060
954
969
950
1061
957
PWM set: 200
845
861
868
858
882
877
841
862
893
940
853
888
848
864
870
859
883
878
841
938
843
855
841
940
844
855
839
935
842
855
841
940
845
857
841
938
845
858
843
938
844
856
841
851
863
887
865
852
862
883
863
PWM set: 220
773
799
839
761
792
755
769
776
766
788
785
753
771
798
840
761
793
757
773
785
798
756
766
752
761
769
783
796
789
764
752
761
769
786
795
790
765
752
839
768
786
796
789
774
752
837
767
786
769
789
776
PWM set: 240
690
710
705
677
693
717
755
683
711
680
693
698
689
710
706
676
693
718
711
687
692
683
699
675
682
691
704
754
693
707
716
679
707
692
711
686
690
708
695
674
682
694
701
751
689
702
750
676
704
712
675
PWM set: 260
618
629
635
626
644
639
613
628
651
684
620
646
617
629
633
625
643
614
619
633
612
620
633
627
644
623
627
644
622
625
613
640
649
615
642
649
627
639
684
627
637
682
627
612
619
632
611
618
631
625
643
PWM set: 280
567
577
581
573
591
589
564
578
597
629
570
593
566
577
582
574
590
577
566
590
627
576
562
568
573
576
564
589
626
575
561
567
571
574
563
588
625
579
562
590
571
595
564
586
625
579
562
590
572
595
564
PWM set: 300
538
530
545
542
520
531
551
580
526
547
522
532
536
529
545
542
520
547
545
551
531
519
545
544
578
535
531
521
544
577
534
529
519
539
522
526
548
528
517
523
526
547
528
516
542
541
574
532
527
518
537
PWM set: 320
488
507
532
483
501
480
488
493
485
500
497
476
488
506
531
482
479
495
499
499
530
483
503
485
485
477
493
496
496
478
481
502
488
484
476
472
496
496
478
480
527
488
483
483
472
496
492
477
479
526
488
PWM set: 340
459
440
451
468
492
445
463
443
450
456
448
461
458
441
450
468
463
458
462
458
462
460
444
460
444
447
490
447
491
454
467
454
467
449
450
449
450
441
439
441
438
441
457
461
457
462
459
442
459
443
459
PWM set: 360
416
426
441
464
420
438
416
425
429
422
436
433
416
425
441
464
424
441
429
440
428
440
427
440
428
439
420
460
420
461
421
461
420
462
432
417
432
417
432
417
432
416
431
434
430
435
431
434
430
415
413
PWM set: 380
445
404
420
401
409
412
406
419
417
398
409
424
445
404
420
402
416
402
400
402
411
409
409
410
426
415
426
409
448
408
405
420
405
418
422
419
403
399
402
399
408
408
407
423
411
444
405
443
417
402
416
PWM set: 400
413
434
393
409
391
398
402
396
408
406
389
399
414
434
394
409
407
410
388
391
399
398
413
401
434
396
392
406
410
406
391
387
398
399
402
413
396
434
407
393
408
410
389
391
398
397
413
402
434
396
394
Done!
