402
450
427
411
402
420
422
409
412
410
401
422
400
447
425
409
410
423
408
422
408
405
405
405
405
404
395
395
395
394
416
411
415
411
392
412
391
399
438
399
436
401
414
401
399
399
398
390
390
390
407
PWM set: -380
403
401
393
414
392
439
417
402
393
411
412
401
404
402
394
415
393
394
412
414
410
413
412
392
412
392
400
439
400
417
403
416
402
401
400
401
393
393
393
393
414
410
414
413
392
413
392
400
439
401
439
PWM set: -360
429
431
419
423
420
411
434
411
460
437
421
412
431
432
419
423
411
432
412
433
412
434
412
433
412
434
412
434
412
434
413
434
412
433
412
434
413
433
436
433
437
433
436
432
437
432
436
432
436
432
435
PWM set: -340
463
446
436
456
458
444
448
446
437
460
436
488
464
447
437
457
449
464
445
489
446
436
459
437
458
461
458
439
439
448
449
449
466
450
465
447
491
460
438
461
463
460
439
440
440
448
449
449
451
466
447
PWM set: -320
464
490
463
519
493
475
465
486
488
473
478
476
465
490
464
521
476
479
494
474
465
488
492
467
477
478
481
523
476
467
490
468
469
479
496
481
523
490
493
490
467
477
478
496
476
467
491
493
468
478
478
PWM set: -300
521
524
508
513
511
499
525
497
557
529
510
499
522
523
506
512
510
529
507
499
523
501
512
514
559
525
501
511
515
560
526
528
502
513
532
510
502
526
502
514
511
502
526
503
514
517
562
528
530
503
514
PWM set: -280
536
566
535
600
570
548
536
562
563
545
551
548
538
566
537
600
569
564
538
549
546
537
564
550
571
564
567
538
553
602
564
538
550
547
537
538
551
602
565
567
550
553
538
564
540
572
548
568
539
552
604
PWM set: -260
596
583
611
613
594
600
597
584
615
583
652
619
596
583
611
614
595
598
654
614
587
623
617
588
599
597
619
599
598
587
587
603
586
615
601
657
615
601
624
617
588
622
616
620
600
598
619
588
604
587
587
PWM set: -240
669
672
652
658
655
642
676
640
717
680
655
641
670
673
652
658
655
641
680
672
656
718
672
657
718
672
660
642
643
661
644
645
657
678
658
656
680
659
657
646
684
678
646
685
678
660
720
675
660
720
673
PWM set: -220
738
742
720
726
723
707
745
706
790
750
722
707
739
743
720
727
725
708
707
709
721
746
752
743
724
792
709
728
746
723
744
708
792
741
727
706
723
720
709
751
741
724
706
707
720
745
749
743
722
789
707
PWM set: -200
824
827
801
808
805
788
830
786
879
836
805
788
826
829
803
810
807
790
831
837
827
812
833
839
832
810
791
810
834
812
888
795
811
796
888
795
818
840
848
836
820
842
846
839
818
800
819
841
818
800
818
PWM set: -180
909
950
954
924
934
927
908
956
906
1013
962
928
908
949
954
924
933
927
909
1015
908
923
906
1013
908
924
909
1016
909
923
907
1013
906
923
910
1017
908
924
910
1015
909
928
913
1017
910
927
911
1018
912
930
913
PWM set: -160
1044
1099
1042
1165
1106
1066
1045
1094
1099
1066
1077
1070
1049
1104
1047
1169
1069
1099
1071
1047
1072
1105
1074
1049
1072
1102
1070
1048
1073
1105
1072
1050
1073
1102
1071
1052
1077
1105
1075
1053
1077
1105
1074
1052
1077
1105
1074
1051
1070
1101
1071
PWM set: -140
1255
1230
1297
1230
1374
1303
1255
1227
1284
1290
1251
1263
1259
1234
1302
1237
1382
1233
1255
1236
1376
1230
1253
1232
1375
1231
1254
1233
1376
1234
1257
1233
1374
1229
1249
1226
1372
1231
1254
1231
1377
1233
1253
1233
1380
1238
1255
1232
1374
1228
1252
PWM set: -120
1489
1500
1492
1461
1544
1463
1636
1551
1495
1465
1532
1539
1490
1501
1491
1461
1541
1634
1492
1533
1497
1461
1463
1548
1528
1491
1496
1549
1641
1464
1538
1502
1465
1468
1496
1532
1494
1499
1550
1555
1467
1545
1510
1472
1475
1503
1540
1501
1502
1549
1638
PWM set: -100
1998
1893
1826
1788
1872
1885
1827
1841
1830
1791
1888
1786
1996
1890
1823
1785
1868
1822
1823
1884
1998
1831
1881
1836
1836
1894
2010
1839
1886
1837
1837
1900
2016
1843
1883
1833
1831
1895
2008
1835
1875
1825
1829
1897
2013
1838
1873
1826
1827
1893
2007
PWM set: -80
2321
2593
2453
2367
2309
2414
2421
2347
2351
2343
2295
2435
2310
2587
2448
2364
2308
2429
2364
2308
2317
2443
2292
2407
2342
2284
2298
2432
2290
2419
2357
2298
2306
2428
2283
2407
2347
2293
2306
2440
2297
2419
2350
2281
2285
2419
2286
2417
2358
2296
2309
PWM set: -60
3342
3169
3553
3339
3235
3139
3299
3317
3229
3218
3211
3140
3352
3176
3560
3352
3253
3339
3272
3239
3379
3574
3235
3302
3228
3205
3357
3574
3268
3350
3266
3238
3364
3557
3247
3326
3257
3247
3411
3627
3305
3367
3286
3248
3374
3580
3266
3340
3284
3271
3427
PWM set: -40
4771
5171
4865
5459
5051
4955
4776
5106
5157
5067
4972
5009
4891
5326
5023
5626
5178
5045
4827
5129
5145
5040
4918
4933
4797
5208
4917
5523
5105
5007
4814
5151
5204
5108
5003
5044
4924
5376
5073
5675
5216
5083
4835
5128
5130
5010
4884
4884
4735
5137
4848
PWM set: -20
8865
10568
9682
10862
9319
9581
8725
9711
9614
9614
8651
8940
8588
10114
9298
10455
9051
9302
8607
9641
9689
9802
8847
9165
8794
10336
9468
10638
9117
9332
8585
9537
9407
9392
8556
8901
8594
10144
9353
10553
9118
9325
8613
9671
9692
9820
8898
9279
8900
10495
9665
PWM set: 0
0
0
0
0
0
0
0
0
0
0
0
0
0
0
0
0
0
0
0
0
0
0
0
0
0
0
0
0
0
0
0
0
0
0
0
0
0
0
0
0
0
0
0
0
0
0
0
0
0
0
0
PWM set: 20
9840
9694
8799
8804
9227
9412
9452
9114
8857
9194
9619
10662
9764
9711
8932
9106
9614
9754
9757
9324
9024
9217
9540
10393
9477
9411
8658
8832
9322
9515
9568
9190
8927
9273
9703
10704
9805
9724
8937
9114
9605
9718
9714
9253
8938
9108
9416
10309
9453
9467
8746
PWM set: 40
5079
5263
4968
5061
5130
5122
5240
5134
4890
5045
5225
5556
4985
5154
4863
4970
5044
5069
5207
5156
4940
5131
5324
5686
5129
5302
4991
5077
5138
5131
5247
5141
4900
5063
5249
5601
5052
5244
4951
5068
5158
5194
5327
5247
5013
5197
5389
5735
5153
5317
4986
PWM set: 60
3222
3371
3199
3278
3307
3314
3410
3389
3230
3348
3466
3658
3269
3396
3211
3276
3296
3370
3186
3413
3240
3218
3325
3401
3199
3402
3214
3179
3274
3349
3167
3400
3235
3210
3300
3363
3147
3365
3197
3175
3283
3374
3194
3435
3271
3236
3309
3380
3190
3423
3255
PWM set: 80
2664
2394
2504
2380
2436
2448
2423
2484
2463
2342
2419
2505
2640
2370
2482
2358
2414
2421
2481
2450
2682
2512
2421
2414
2467
2430
2661
2499
2427
2432
2492
2451
2667
2482
2402
2402
2459
2424
2650
2481
2416
2422
2477
2432
2638
2466
2399
2405
2467
2435
2659
PWM set: 100
1960
2058
1847
1927
1831
1873
1885
1871
1927
1920
1831
1890
1957
2062
1851
1934
1842
1902
1943
1832
1954
1845
1833
1892
1934
1837
1962
1858
1848
1906
1940
1829
1949
1839
1830
1888
1931
1832
1960
1856
1846
1895
1931
1829
1952
1845
1835
1893
1935
1841
1969
PWM set: 120
1529
1582
1664
1494
1562
1486
1521
1530
1517
1563
1558
1487
1536
1591
1675
1502
1566
1518
1510
1549
1524
1664
1561
1520
1516
1558
1534
1670
1560
1515
1511
1551
1527
1665
1562
1524
1523
1564
1537
1669
1561
1519
1514
1557
1531
1669
1567
1528
1523
1561
1529
PWM set: 140
1246
1284
1329
1398
1256
1310
1248
1279
1288
1275
1315
1307
1247
1282
1328
1395
1253
1272
1307
1280
1254
1277
1309
1276
1251
1273
1309
1280
1256
1276
1304
1277
1251
1273
1310
1283
1257
1271
1305
1277
1252
1271
1309
1284
1253
1270
1304
1278
1252
1275
1313
PWM set: 160
1117
1112
1062
1094
1134
1191
1070
1116
1064
1088
1097
1085
1120
1116
1065
1096
1135
1115
1093
1110
1131
1114
1096
1112
1131
1112
1090
1107
1129
1113
1094
1110
1131
1113
1092
1109
1130
1114
1093
1108
1129
1111
1091
1109
1131
1114
1091
1106
1128
1111
1091
PWM set: 180
950
937
968
964
921
948
984
1034
929
968
924
945
952
941
973
970
926
952
987
930
944
970
950
929
946
972
951
928
941
968
947
927
944
970
945
925
941
969
947
928
945
969
946
926
940
966
944
925
939
965
943
PWM set: 200
837
869
914
822
855
815
833
838
828
855
850
813
836
867
912
819
854
814
832
855
837
818
830
852
834
816
829
853
834
814
828
851
863
850
836
850
864
851
835
848
865
852
839
851
866
853
828
814
913
817
828
PWM set: 220
740
764
760
727
748
776
816
733
764
729
745
750
740
764
760
727
748
775
814
744
764
776
765
750
728
816
744
766
751
764
750
727
814
727
765
751
763
750
760
814
727
765
747
731
748
759
812
727
763
747
732
PWM set: 240
690
661
674
679
671
693
689
657
675
701
737
661
689
658
671
677
667
690
674
687
676
655
660
675
654
734
669
683
733
654
687
698
655
688
673
686
667
674
659
675
653
659
675
685
732
669
684
732
655
687
697
PWM set: 260
674
606
631
602
616
620
612
633
630
601
618
642
674
605
631
602
615
612
619
633
615
621
633
615
622
634
614
642
602
631
641
600
631
640
600
631
672
614
627
670
612
626
670
617
598
602
616
597
603
616
596
PWM set: 280
580
609
547
569
544
555
560
552
571
568
542
558
579
608
547
569
544
552
578
542
567
546
558
557
569
569
577
554
566
546
550
556
540
567
604
552
540
565
548
575
540
565
543
555
553
566
567
575
552
539
544
PWM set: 300
498
509
514
506
522
520
496
511
530
556
501
520
497
508
512
505
522
557
512
511
496
518
500
503
528
506
494
518
519
553
510
507
494
517
496
501
528
506
494
518
519
554
509
508
494
516
498
502
527
505
494
PWM set: 320
493
518
465
483
462
472
477
470
485
484
461
475
493
517
465
483
472
474
462
482
483
484
515
467
491
470
473
460
481
481
482
462
467
489
473
471
459
458
480
481
461
466
514
474
472
469
458
460
480
460
481
PWM set: 340
430
444
461
484
433
453
431
440
445
438
453
451
430
444
460
482
431
430
430
450
451
450
451
451
432
451
431
437
481
437
481
443
459
444
458
439
442
438
429
429
429
429
449
451
449
451
451
432
451
432
437
PWM set: 360
404
417
432
453
407
425
404
413
418
412
426
424
403
416
432
453
413
431
417
431
417
431
416
431
417
432
417
430
410
452
411
451
410
451
409
450
409
405
423
405
424
405
422
406
423
405
422
423
422
422
421
PWM set: 380
411
432
388
404
385
394
397
392
404
403
385
397
411
431
388
405
404
404
403
385
384
384
395
393
409
396
409
390
430
403
386
403
403
402
383
382
391
394
392
409
395
428
389
385
403
385
402
402
382
383
381
PWM set: 400
379
397
378
386
390
384
397
395
376
389
403
423
379
397
377
386
389
386
402
390
423
384
379
396
396
394
376
376
385
401
388
422
384
380
396
397
394
377
376
386
388
389
401
383
421
396
379
394
376
375
386
Done!
