PWM set: -400
459
465
459
430
450
435
442
435
439
448
449
438
455
461
456
427
431
450
434
448
432
446
432
445
428
442
427
442
426
441
426
440
423
437
422
437
422
437
423
439
424
437
424
439
425
440
427
440
424
439
425
440
425
440
426
440
424
437
422
437
423
438
424
437
421
434
419
434
418
440
414
440
413
439
413
439
413
440
414
439
412
431
413
431
414
432
415
432
413
404
420
403
423
406
423
405
422
422
422
422
424
424
425
423
425
408
413
409
416
410
415
410
414
415
430
417
432
418
432
419
433
418
438
413
439
412
438
412
437
410
437
415
433
416
433
414
431
414
433
415
433
424
407
424
405
422
405
423
405
422
423
423
421
422
421
423
421
412
406
411
404
410
413
427
412
427
412
424
404
430
404
429
406
423
405
421
412
396
413
396
416
414
415
413
405
399
405
400
423
409
422
409
429
404
431
406
432
408
425
408
425
415
398
415
398
415
415
417
415
417
403
409
404
410
405
425
412
426
413
427
413
433
407
432
406
434
409
430
413
431
414
431
414
434
417
435
425
407
423
405
423
407
424
408
425
408
425
407
428
426
429
PWM set: -380
458
465
459
430
450
435
443
436
439
448
451
440
457
465
458
430
435
457
442
458
444
440
434
439
433
450
448
450
449
450
428
445
426
443
424
433
452
434
450
430
448
430
454
428
456
429
455
426
454
426
453
425
446
432
443
428
440
425
437
424
439
425
438
423
437
424
436
424
439
425
438
423
437
416
442
417
445
417
443
416
443
416
444
418
447
419
446
418
445
418
446
420
448
421
448
421
447
419
447
420
448
421
448
420
440
426
440
426
441
427
442
427
440
427
442
428
442
427
443
429
443
429
443
429
442
427
441
425
438
423
436
422
436
422
437
423
435
421
434
421
434
414
441
413
438
411
436
409
435
409
431
413
429
412
429
411
428
419
402
419
401
418
402
420
419
420
418
420
405
410
405
409
405
412
413
427
414
429
414
428
409
435
409
436
411
436
409
431
415
432
414
432
414
429
411
403
420
402
420
402
418
418
420
417
418
416
409
403
408
402
408
410
424
411
425
404
429
403
430
405
426
409
426
408
426
417
400
417
400
418
418
418
417
419
417
410
405
410
404
408
410
423
409
422
403
429
402
426
405
422
405
PWM set: -360
451
440
458
464
458
430
449
434
444
436
439
449
451
440
458
465
450
451
450
454
434
453
434
453
464
444
463
443
473
443
463
449
465
449
446
442
447
457
459
457
456
437
455
466
448
467
444
472
443
464
448
462
439
445
438
443
452
453
450
449
431
450
432
441
460
440
459
436
464
437
466
436
457
442
455
440
438
433
438
432
438
446
448
446
449
448
447
429
448
429
446
454
436
456
437
456
435
465
436
465
443
459
445
459
437
443
436
441
450
452
450
450
430
449
430
448
458
440
459
441
466
438
467
438
459
445
460
444
440
436
442
436
452
451
452
450
449
431
451
432
441
461
443
461
438
467
440
469
445
460
445
442
434
440
436
442
451
454
453
451
431
449
430
449
459
440
458
439
464
434
463
435
456
441
456
440
454
430
436
431
437
432
450
447
448
445
447
428
446
429
447
430
439
456
439
458
436
465
438
466
443
456
441
455
440
439
435
442
436
452
449
451
449
451
431
451
432
441
459
441
460
439
469
442
470
447
463
448
447
442
450
461
462
459
457
440
458
468
451
477
449
477
454
468
446
452
446
463
462
464
441
PWM set: -340
490
499
492
495
506
507
497
515
524
518
486
508
492
501
494
498
509
487
497
526
501
499
507
506
518
493
518
501
499
506
505
516
489
513
490
496
505
503
515
489
512
487
494
504
504
514
488
511
485
491
500
499
511
487
518
493
491
501
500
510
488
517
492
489
497
499
475
485
511
477
500
476
492
491
491
503
477
508
485
483
477
493
469
480
501
475
497
481
478
489
488
467
479
506
473
495
471
478
488
487
466
478
507
483
498
475
493
492
491
502
477
510
485
482
492
495
472
482
512
483
508
483
500
477
498
508
482
507
493
491
500
498
511
486
517
492
489
499
500
478
488
518
494
492
500
502
479
490
518
492
508
482
499
474
484
506
481
503
480
485
495
494
504
482
511
488
485
494
496
472
481
499
474
498
474
480
489
487
467
476
502
471
494
472
478
487
487
466
475
501
470
492
468
474
483
483
462
471
490
466
490
474
472
482
485
461
480
490
467
500
476
474
470
489
463
481
492
471
498
475
492
470
487
485
484
463
473
500
470
494
471
474
482
480
459
470
489
465
489
474
471
463
479
456
476
487
468
497
474
489
465
PWM set: -320
490
493
504
506
495
514
522
516
484
506
491
500
492
497
507
510
499
492
511
487
498
527
502
501
512
514
526
500
523
497
517
493
515
529
506
531
522
520
532
506
530
504
523
502
514
543
519
517
527
527
538
511
537
512
530
539
513
539
513
531
505
517
548
523
520
508
520
550
522
518
529
530
541
515
521
532
531
544
517
543
516
536
545
518
542
515
536
511
522
543
516
535
511
521
550
525
524
511
520
548
524
522
532
530
541
516
523
532
528
539
513
536
508
525
501
513
542
515
512
522
521
538
512
509
519
519
530
503
526
502
519
495
516
528
503
526
499
518
494
504
531
506
505
515
516
528
502
527
501
520
494
505
535
512
509
519
519
532
506
529
501
521
499
510
540
515
514
523
521
531
505
530
504
524
500
511
532
506
524
498
510
540
514
512
523
523
535
508
532
507
525
502
514
544
520
519
528
526
542
519
517
525
525
536
512
534
505
522
498
510
540
516
515
527
526
536
516
513
523
522
534
507
533
507
526
500
509
538
514
514
523
523
536
510
532
504
521
496
508
538
512
512
521
522
532
504
528
503
522
497
508
PWM set: -300
567
571
558
579
588
581
545
570
552
563
555
559
570
574
562
582
591
572
572
594
569
580
554
561
587
575
573
592
566
575
550
559
589
579
577
598
571
583
554
560
589
579
578
599
569
579
553
562
588
575
574
594
569
580
551
559
587
577
577
595
568
579
555
563
590
579
579
602
575
585
593
565
573
586
574
607
571
591
604
582
579
565
573
602
593
592
613
577
598
610
589
585
571
580
609
599
585
618
579
600
612
588
584
571
580
610
600
586
620
581
603
625
595
603
613
584
590
574
583
606
597
597
617
576
595
606
578
586
570
580
605
594
594
613
584
594
606
578
584
568
579
603
576
594
612
583
592
602
573
577
586
573
598
571
589
601
578
576
562
570
596
583
581
602
574
583
556
564
570
579
565
593
555
575
585
558
585
574
572
592
565
574
546
553
580
569
570
590
562
560
545
556
577
547
564
578
552
557
565
554
586
549
570
542
551
579
571
569
589
563
573
548
560
581
553
573
587
567
565
552
567
591
560
574
588
570
570
555
567
592
567
586
605
575
584
558
567
594
583
582
604
568
588
598
566
574
586
573
596
567
585
PWM set: -280
610
596
618
627
618
580
605
586
597
589
593
605
608
595
617
626
619
606
604
626
589
610
626
604
613
620
591
598
583
593
621
611
601
627
596
613
634
594
615
625
602
613
625
597
605
590
597
624
612
598
621
591
609
632
594
619
630
609
618
625
593
599
583
589
618
609
598
623
593
609
630
601
612
620
597
594
582
593
601
610
596
620
609
608
628
585
607
621
601
613
582
589
598
583
594
615
604
604
629
591
608
622
601
612
622
590
595
580
590
619
607
594
625
586
605
626
596
605
615
586
592
578
590
615
604
592
626
587
604
618
597
609
619
590
595
580
592
617
606
592
622
582
601
615
593
603
574
584
593
578
590
613
602
602
623
584
603
614
593
591
577
584
610
601
589
615
586
603
625
599
612
623
600
595
582
594
600
609
596
623
614
615
637
596
615
631
610
621
631
609
607
595
605
611
595
602
635
625
612
634
621
608
646
606
625
648
607
627
650
620
629
638
617
630
642
620
617
601
610
617
601
610
616
626
613
640
629
616
641
630
618
654
614
632
652
611
630
653
614
634
657
628
638
649
625
634
644
622
635
647
626
PWM set: -260
645
650
662
665
650
672
681
671
629
655
634
645
636
640
652
656
641
666
655
644
671
660
651
680
669
652
657
637
643
649
633
643
651
635
646
657
685
664
675
683
656
668
680
659
668
688
647
671
697
655
672
691
646
668
682
669
656
682
672
661
692
652
660
664
646
656
665
691
665
677
689
669
684
706
662
681
702
659
680
694
679
666
693
685
667
673
655
662
666
692
666
677
687
663
676
689
654
676
701
656
675
696
653
659
686
672
657
684
673
661
665
648
657
663
645
655
662
688
663
673
687
666
680
691
653
671
691
647
668
691
645
664
677
668
656
682
666
650
676
664
652
678
637
645
652
639
651
658
640
649
655
638
656
664
673
650
663
680
658
669
679
655
668
689
645
664
685
643
665
691
648
668
690
667
653
680
667
652
677
664
652
680
668
652
658
644
653
660
643
651
656
681
661
675
688
664
674
686
664
673
698
652
671
694
652
675
690
679
665
690
678
665
668
651
658
666
651
672
686
702
679
691
713
671
694
720
696
679
706
694
677
684
667
675
696
710
688
697
723
677
696
710
698
684
713
668
676
684
713
693
706
PWM set: -240
806
791
819
831
820
770
802
776
788
774
777
790
790
773
800
810
800
750
783
766
794
811
770
776
804
758
783
798
822
794
770
768
798
773
787
805
790
766
789
804
764
774
806
757
775
785
808
785
774
779
809
779
787
804
796
775
798
808
762
768
800
757
780
796
818
791
773
779
813
787
796
809
759
769
793
817
768
778
782
813
784
793
809
796
773
794
802
756
761
791
746
769
780
805
777
762
766
797
768
776
787
769
745
751
780
743
767
781
770
750
775
788
748
770
779
728
735
758
776
738
763
775
728
736
761
779
740
759
767
748
724
732
762
737
747
773
749
735
740
773
747
753
772
743
724
730
715
738
753
773
725
735
770
726
733
755
763
724
749
767
753
731
738
770
749
763
779
762
739
743
771
746
757
772
759
740
749
781
761
774
789
775
752
773
784
743
769
785
739
750
774
791
753
764
798
752
771
781
803
778
763
768
800
772
780
796
785
763
790
804
759
765
793
745
767
780
806
778
761
763
797
775
785
799
778
755
775
789
751
771
785
736
744
769
791
754
762
790
741
759
770
795
746
754
754
733
755
768
795
771
756
PWM set: -220
792
797
814
820
803
832
845
835
784
817
792
805
792
797
811
814
796
823
837
811
794
826
843
800
804
805
838
809
819
835
784
804
813
838
815
797
807
839
793
798
799
783
810
824
840
788
792
815
841
819
801
805
834
785
791
826
784
813
825
838
819
794
822
852
827
808
808
837
794
805
844
799
823
828
841
789
800
828
855
828
806
831
845
802
812
818
851
807
830
842
790
814
827
845
830
805
828
851
821
807
811
843
800
810
813
796
818
825
839
789
799
822
844
815
794
805
841
799
808
809
786
807
817
834
787
798
821
841
812
798
805
840
798
804
832
783
808
818
836
821
797
819
839
786
797
805
840
797
820
835
785
809
819
847
818
792
814
825
784
796
804
786
807
816
830
783
799
824
848
818
792
799
832
792
804
812
795
820
828
844
796
822
836
862
835
809
835
861
809
821
826
862
817
824
826
862
836
845
859
805
826
835
853
808
825
853
881
852
832
860
890
862
838
862
884
851
828
854
878
851
834
840
875
829
839
843
880
838
847
848
877
831
836
838
877
836
845
849
882
836
845
852
889
847
854
856
886
837
845
849
885
PWM set: -200
975
964
905
944
915
931
918
923
941
944
924
957
972
959
899
936
906
921
907
929
944
885
911
925
944
891
917
926
942
888
921
935
952
891
911
916
932
879
911
927
944
887
910
919
939
886
918
933
949
891
913
920
938
883
910
923
942
885
908
920
941
893
925
937
956
896
917
927
945
894
924
939
953
892
916
929
953
902
930
939
953
893
918
930
949
897
921
931
944
885
913
931
955
905
931
941
956
898
926
942
966
913
936
944
958
901
931
954
981
923
946
952
962
905
935
955
981
924
945
949
962
909
940
959
982
925
954
963
980
926
954
965
983
922
945
957
977
923
951
967
990
935
963
972
990
930
958
970
988
930
949
958
974
919
950
963
985
926
951
958
974
919
949
960
976
917
939
947
962
906
934
951
970
914
940
948
966
912
945
964
980
921
940
944
963
909
942
959
979
917
936
942
960
910
945
962
975
911
928
934
953
901
933
948
962
900
922
930
948
896
927
938
955
896
921
932
950
897
923
931
948
889
913
926
948
899
929
939
954
894
915
923
944
892
922
931
950
892
920
933
952
899
926
937
951
893
916
928
949
897
925
PWM set: -180
1122
1144
1132
1139
1165
1170
1143
1182
1199
1181
1106
1154
1115
1134
1118
1127
1154
1178
1114
1155
1166
1180
1100
1122
1131
1156
1099
1142
1157
1178
1104
1137
1154
1183
1117
1143
1147
1159
1085
1117
1134
1163
1096
1132
1150
1172
1100
1128
1147
1168
1096
1130
1141
1160
1085
1108
1120
1146
1084
1125
1146
1169
1096
1121
1131
1158
1095
1129
1142
1159
1082
1108
1118
1145
1081
1120
1141
1169
1103
1132
1148
1174
1104
1135
1145
1162
1084
1115
1130
1167
1115
1157
1180
1203
1119
1148
1170
1208
1139
1166
1171
1183
1107
1145
1169
1204
1136
1167
1178
1197
1131
1167
1192
1220
1148
1175
1181
1196
1121
1163
1185
1217
1150
1180
1189
1211
1144
1180
1207
1239
1161
1191
1197
1207
1127
1161
1187
1216
1138
1169
1178
1199
1130
1171
1195
1215
1133
1158
1165
1187
1120
1159
1171
1190
1118
1153
1168
1195
1140
1173
1185
1205
1131
1160
1165
1186
1116
1155
1173
1200
1129
1158
1169
1193
1127
1167
1185
1198
1121
1140
1154
1183
1115
1155
1172
1193
1117
1146
1164
1195
1136
1176
1191
1213
1138
1161
1167
1189
1116
1151
1167
1189
1118
1149
1161
1180
1108
1143
1158
1178
1105
1127
1134
1159
1090
1125
1137
1158
1082
1108
1123
1151
1090
1121
1134
1152
1079
1110
1127
1158
1089
1121
1135
1155
1081
1114
1132
1158
1096
1127
1135
1153
1074
1101
1115
1140
1080
1111
1117
1130
1054
PWM set: -160
1378
1291
1344
1299
1317
1291
1293
1317
1320
1293
1341
1364
1350
1271
1334
1303
1334
1357
1378
1280
1296
1307
1347
1283
1324
1341
1355
1266
1293
1309
1345
1276
1318
1327
1340
1247
1274
1288
1324
1262
1306
1320
1333
1241
1271
1291
1324
1259
1309
1321
1337
1244
1274
1296
1336
1272
1309
1321
1338
1245
1279
1299
1333
1255
1291
1304
1327
1242
1277
1290
1314
1240
1270
1279
1304
1221
1256
1276
1306
1234
1271
1280
1296
1212
1245
1264
1294
1223
1256
1268
1282
1203
1242
1266
1302
1228
1259
1264
1271
1194
1229
1242
1264
1189
1222
1236
1252
1174
1206
1223
1259
1190
1224
1235
1248
1169
1200
1212
1240
1172
1208
1223
1233
1153
1192
1215
1253
1184
1216
1224
1235
1157
1194
1216
1247
1178
1206
1212
1228
1161
1208
1236
1265
1189
1219
1225
1240
1166
1206
1230
1250
1171
1197
1204
1229
1167
1210
1236
1263
1181
1208
1209
1228
1165
1207
1231
1245
1161
1185
1193
1227
1174
1228
1255
1271
1178
1200
1211
1239
1176
1211
1222
1231
1147
1174
1190
1220
1160
1198
1212
1233
1163
1200
1220
1251
1183
1218
1226
1243
1172
1202
1219
1247
1181
1223
1243
1263
1184
1216
1237
1268
1196
1229
1238
1250
1166
1201
1226
1254
1180
1217
1230
1255
1175
1208
1229
1260
1186
1218
1232
1250
1169
1199
1215
1244
1178
1218
1233
1257
1179
1211
1230
1265
1199
1229
1235
1243
1157
1189
1209
1247
PWM set: -140
1476
1532
1560
1546
1455
1525
1482
1510
1488
1500
1532
1543
1508
1561
1582
1559
1458
1467
1478
1518
1541
1547
1466
1476
1519
1502
1562
1533
1515
1535
1512
1594
1483
1517
1526
1566
1535
1606
1490
1497
1493
1527
1556
1569
1545
1521
1564
1539
1612
1488
1499
1497
1537
1520
1608
1593
1580
1560
1592
1605
1600
1555
1523
1508
1546
1578
1591
1527
1542
1584
1565
1641
1503
1511
1513
1564
1563
1667
1560
1583
1583
1619
1587
1653
1516
1521
1528
1579
1568
1670
1557
1581
1585
1615
1583
1652
1516
1537
1550
1617
1619
1725
1616
1629
1610
1627
1583
1651
1530
1556
1577
1634
1623
1723
1595
1600
1586
1612
1582
1664
1557
1605
1630
1686
1673
1751
1615
1615
1602
1641
1620
1709
1599
1636
1649
1693
1656
1732
1584
1584
1575
1614
1596
1685
1565
1594
1606
1653
1633
1712
1583
1590
1587
1628
1598
1680
1559
1584
1595
1639
1613
1692
1552
1560
1559
1588
1561
1644
1530
1559
1568
1608
1579
1650
1530
1544
1542
1578
1541
1620
1504
1529
1535
1571
1542
1620
1499
1514
1516
1550
1526
1604
1484
1502
1503
1556
1577
1575
1545
1522
1508
1512
1591
1474
1490
1501
1553
1572
1568
1524
1464
1496
1470
1528
1503
1472
1523
1500
1567
1503
1469
1466
1435
1507
1489
1470
1512
1482
1518
1469
1410
1441
1478
1494
1441
1455
1502
1521
1513
1426
1421
1460
1478
1403
1430
1453
1483
1516
1395
1432
1418
PWM set: -120
1953
1965
2011
2022
1973
2027
2049
2028
1908
1998
1929
1979
1956
1979
2020
2047
2011
2116
1954
1968
1955
1997
1960
2063
1923
1965
1976
2025
1998
2082
1918
1925
1918
1969
1943
2057
1933
1965
1980
2030
1996
2091
1924
1938
1943
1982
1949
2051
1917
1975
1996
2043
2018
2098
1935
1952
1943
1977
1938
2045
1924
1970
1999
2061
2020
2095
1903
1903
1886
1923
1910
2035
1917
1957
1975
2015
1967
2030
1855
1860
1847
1890
1880
2003
1893
1938
1958
2020
1975
2047
1861
1860
1862
1923
1927
2042
1904
1931
1934
1972
1933
2009
1849
1868
1874
1934
1920
2028
1902
1928
1938
1988
1945
2019
1850
1877
1885
1941
1935
2026
1871
1896
1903
1945
1899
1975
1830
1848
1842
1892
1877
1996
1877
1904
1899
1930
1875
1957
1806
1822
1829
1882
1878
1985
1846
1867
1854
1891
1849
1919
1776
1794
1806
1870
1868
1982
1842
1857
1853
1906
1877
1976
1825
1843
1852
1892
1872
1968
1835
1877
1883
1918
1876
1958
1825
1845
1848
1906
1889
1993
1859
1904
1916
1955
1917
2008
1845
1852
1854
1900
1891
1998
1861
1894
1890
1930
1885
1953
1804
1820
1836
1901
1891
2007
1867
1892
1884
1914
1880
1969
1823
1849
1861
1914
1911
2008
1856
1880
1868
1902
1867
1955
1814
1844
1861
1932
1903
2005
1863
1884
1881
1918
1894
1979
1840
1875
1900
1949
1938
2036
1871
1880
1871
1911
1870
1933
1791
1831
1864
1937
1923
PWM set: -100
3021
3087
2987
3120
3120
3127
2909
3098
2998
3080
2965
2980
3052
3159
3087
3166
3155
2959
3005
2996
3064
3011
3159
2947
2973
2958
3051
3057
3237
3005
3013
3013
3043
3026
3204
2940
3009
2965
2979
3007
3131
2929
2906
2856
2983
3010
3177
2973
3006
2977
2996
2966
3131
2931
2956
2968
3050
3031
3167
2937
2996
2961
2999
3022
3154
2931
2976
3008
3145
3108
3215
2998
3055
3102
3151
3103
3219
2981
3065
3055
3143
3158
3288
3024
3103
3074
3095
3101
3254
3021
3024
3015
3145
3105
3249
3001
2978
2961
3028
3053
3190
2876
2927
2965
3028
3023
3178
3004
3050
3008
3083
3100
3187
2967
3013
2963
3064
3041
3178
2922
2902
2969
3101
3092
3233
2960
2987
2992
3083
3120
3244
2999
3042
3043
3129
3163
3222
2980
3035
3017
3131
3108
3203
3001
2994
3003
3113
3091
3198
2921
2974
2967
2994
2998
3120
2901
2970
2944
3014
2924
3070
2889
2923
2880
2966
3003
3176
2912
2904
2924
2990
2982
3185
2980
3025
2993
3026
3035
3106
2885
2958
2939
2985
2961
3095
2875
2943
2986
3084
3016
3112
2895
2897
2931
3031
3046
3188
2892
2921
2979
3046
3086
3172
2910
2989
2956
3022
2995
3090
2901
2933
2919
3006
3025
3189
3034
3057
2959
2989
3016
3215
2985
3057
3124
3179
3131
3244
3039
3124
2999
3079
3083
3180
2950
3000
2993
3003
2935
3011
2786
2808
2785
2876
2875
2996
2779
2820
2795
2823
2820
2933
PWM set: -80
3843
3984
3891
3966
3693
3972
3801
3922
3790
3907
3932
4002
3778
3893
3905
4019
3697
3780
3873
3894
3879
4010
3658
3790
3780
3851
3821
3882
3653
3739
3864
4070
4389
4334
4628
4556
4595
4113
3987
3811
3847
3776
3963
3745
3811
3791
3784
3843
4065
3798
3932
3790
3821
3843
4021
3908
3876
3853
4003
3963
4148
3860
3920
3989
4057
4038
4160
3844
3945
4003
3963
4018
4178
3807
3955
3987
4044
4066
4078
3899
3986
3916
4052
3948
4083
3830
3907
3879
3915
3905
4122
3868
3841
3901
3937
3861
3978
3729
3926
3816
3749
3855
3964
3734
3761
3811
4035
3846
3918
3697
3789
3773
3846
3883
3973
3799
3917
3880
3897
3864
4108
3857
3896
3812
3986
4022
4048
3832
3965
3942
4122
4242
3976
4214
3965
3887
3889
3966
3969
4076
3712
3719
3700
3797
3819
3956
3678
3660
3712
3906
3927
3921
3642
3724
3752
3937
3827
4040
3804
3746
3833
3873
3883
4033
3746
3908
3914
3943
3909
4048
3751
3759
3788
3859
3845
3971
3862
3965
3784
3868
3832
3963
3733
3840
3841
3795
3706
3854
3579
3670
3640
3674
3601
3727
3473
3500
3500
3565
3523
3631
3384
3448
3384
3455
3467
3627
3381
3368
3408
3534
3498
3633
3369
3465
3449
3569
3572
3609
3354
3457
3437
3592
3536
3636
3395
3423
3392
3504
3469
3533
3299
3345
3388
3477
3454
3535
3231
3298
3311
3355
3351
3434
3241
3317
3293
3417
3402
3489
3259
3357
3344
PWM set: -60
5619
6171
5468
5627
5543
6123
5752
6189
5947
6359
5715
6177
5628
6020
5712
6219
5959
6468
5916
6383
6009
6450
5702
6395
5924
6415
5752
6077
6012
6491
5888
6355
6237
6700
5874
6307
5637
6251
5899
6420
6055
6575
6000
6739
6449
6784
5751
6520
6206
6694
5832
5997
5972
6670
6099
6347
5984
6368
5669
6191
5675
6312
5854
6336
6004
6394
5804
6344
6067
6535
5818
6513
5994
6456
5782
6002
5969
6531
5973
6364
6174
6641
5719
6228
5842
6516
5952
6489
6143
6445
5803
6482
6527
7076
5906
6478
6197
6798
5930
6095
6080
6907
6340
6770
6134
6479
5708
6649
6079
6448
5716
6129
6068
6680
6028
6363
6136
6544
5783
6309
5851
6407
5878
6155
5923
6388
5812
6239
5903
6252
5548
6218
5676
6037
5507
5937
5929
6389
5827
6296
6260
6822
5887
6470
6120
6869
6196
6564
6330
7198
6511
7081
6360
6692
6006
7081
6468
6963
6100
6473
6407
6951
6219
6624
6453
7092
6169
6766
6127
6877
6186
6703
6478
7242
6398
6932
6515
7368
6375
7075
6308
6647
5962
6342
6233
6714
6164
6737
6617
7300
6277
7038
6446
7361
6482
6773
6446
7446
6749
7409
6578
7136
6388
7082
6282
6668
6068
6522
6572
7388
6428
6670
6317
6997
6081
6776
6123
6690
6040
6536
6394
7116
6347
6929
6585
7054
6119
6804
6244
6696
6095
6486
6348
6863
6047
6544
6296
6965
6044
6669
6043
6862
6298
6666
6255
6852
6273
6834
6478
6910
6136
PWM set: -40
0
0
0
0
0
0
0
0
0
0
0
0
0
0
0
0
0
0
0
0
0
0
0
0
0
0
0
0
0
0
0
0
0
0
0
0
0
0
0
0
0
0
0
0
0
0
0
0
0
0
0
0
0
0
0
0
0
0
0
0
0
0
0
0
0
0
0
0
0
0
0
0
0
0
0
0
0
0
0
0
0
0
0
0
0
0
0
0
0
0
0
0
0
0
0
0
0
0
0
0
0
0
0
0
0
0
0
0
0
0
0
0
0
0
0
0
0
0
0
0
0
0
0
0
0
0
0
0
0
0
0
0
0
0
0
0
0
0
0
0
0
0
0
0
0
0
0
0
0
0
0
0
0
0
0
0
0
0
0
0
0
0
0
0
0
0
0
0
0
0
0
0
0
0
0
0
0
0
0
0
0
0
0
0
0
0
0
0
0
0
0
0
0
0
0
0
0
0
0
0
0
0
0
0
0
0
0
0
0
0
0
0
0
0
0
0
0
0
0
0
0
0
0
0
0
0
0
0
0
0
0
0
0
0
0
0
0
0
0
0
0
0
0
0
0
0
0
0
0
0
0
PWM set: -20
0
0
0
0
0
0
0
0
0
0
0
0
0
0
0
0
0
0
0
0
0
0
0
0
0
0
0
0
0
0
0
0
0
0
0
0
0
0
0
0
0
0
0
0
0
0
0
0
0
0
0
0
0
0
0
0
0
0
0
0
0
0
0
0
0
0
0
0
0
0
0
0
0
0
0
0
0
0
0
0
0
0
0
0
0
0
0
0
0
0
0
0
0
0
0
0
0
0
0
0
0
0
0
0
0
0
0
0
0
0
0
0
0
0
0
0
0
0
0
0
0
0
0
0
0
0
0
0
0
0
0
0
0
0
0
0
0
0
0
0
0
0
0
0
0
0
0
0
0
0
0
0
0
0
0
0
0
0
0
0
0
0
0
0
0
0
0
0
0
0
0
0
0
0
0
0
0
0
0
0
0
0
0
0
0
0
0
0
0
0
0
0
0
0
0
0
0
0
0
0
0
0
0
0
0
0
0
0
0
0
0
0
0
0
0
0
0
0
0
0
0
0
0
0
0
0
0
0
0
0
0
0
0
0
0
0
0
0
0
0
0
0
0
0
0
0
0
0
0
0
0
PWM set: 0
0
0
0
0
0
0
0
0
0
0
0
0
0
0
0
0
0
0
0
0
0
0
0
0
0
0
0
0
0
0
0
0
0
0
0
0
0
0
0
0
0
0
0
0
0
0
0
0
0
0
0
0
0
0
0
0
0
0
0
0
0
0
0
0
0
0
0
0
0
0
0
0
0
0
0
0
0
0
0
0
0
0
0
0
0
0
0
0
0
0
0
0
0
0
0
0
0
0
0
0
0
0
0
0
0
0
0
0
0
0
0
0
0
0
0
0
0
0
0
0
0
0
0
0
0
0
0
0
0
0
0
0
0
0
0
0
0
0
0
0
0
0
0
0
0
0
0
0
0
0
0
0
0
0
0
0
0
0
0
0
0
0
0
0
0
0
0
0
0
0
0
0
0
0
0
0
0
0
0
0
0
0
0
0
0
0
0
0
0
0
0
0
0
0
0
0
0
0
0
0
0
0
0
0
0
0
0
0
0
0
0
0
0
0
0
0
0
0
0
0
0
0
0
0
0
0
0
0
0
0
0
0
0
0
0
0
0
0
0
0
0
0
0
0
0
0
0
0
0
0
0
PWM set: 20
0
0
0
0
0
0
0
0
0
0
0
0
0
0
0
0
0
0
0
0
0
0
0
0
0
0
0
0
0
0
0
0
0
0
0
0
0
0
0
0
0
0
0
0
0
0
0
0
0
0
0
0
0
0
0
0
0
0
0
0
0
0
0
0
0
0
0
0
0
0
0
0
0
0
0
0
0
0
0
0
0
0
0
0
0
0
0
0
0
0
0
0
0
0
0
0
0
0
0
0
0
0
0
0
0
0
0
0
0
0
0
0
0
0
0
0
0
0
0
0
0
0
0
0
0
0
0
0
0
0
0
0
0
0
0
0
0
0
0
0
0
0
0
0
0
0
0
0
0
0
0
0
0
0
0
0
0
0
0
0
0
0
0
0
0
0
0
0
0
0
0
0
0
0
0
0
0
0
0
0
0
0
0
0
0
0
0
0
0
0
0
0
0
0
0
0
0
0
0
0
0
0
0
0
0
0
0
0
0
0
0
0
0
0
0
0
0
0
0
0
0
0
0
0
0
0
0
0
0
0
0
0
0
0
0
0
0
0
0
0
0
0
0
0
0
0
0
0
0
0
0
PWM set: 40
0
0
0
0
0
0
0
0
0
0
0
0
0
0
0
0
0
0
0
0
0
0
0
0
0
0
0
0
0
0
0
0
0
0
0
0
0
0
0
0
0
0
0
0
0
0
0
0
0
0
0
0
0
0
0
0
0
0
0
0
0
0
0
0
0
0
0
0
0
0
0
0
0
0
0
0
0
0
0
0
0
0
0
0
0
0
0
0
0
0
0
0
0
0
0
0
0
0
0
0
0
0
0
0
0
0
0
0
0
0
0
0
0
0
0
0
0
0
0
0
0
0
0
0
0
0
0
0
0
0
0
0
0
0
0
0
0
0
0
0
0
0
0
0
0
0
0
0
0
0
0
0
0
0
0
0
0
0
0
0
0
0
0
0
0
0
0
0
0
0
0
0
0
0
0
0
0
0
0
0
0
0
0
0
0
0
0
0
0
0
0
0
0
0
0
0
0
0
0
0
0
0
0
0
0
0
0
0
0
0
0
0
0
0
0
0
0
0
0
0
0
0
0
0
0
0
0
0
0
0
0
0
0
0
0
0
0
0
0
0
0
0
0
0
0
0
0
0
0
0
0
PWM set: 60
8311
7505
8310
7489
9343
8820
10008
9072
9656
8603
8590
7866
8683
7988
8672
7322
8632
8627
9949
8778
8894
8402
9169
8623
8936
8173
8909
7878
9466
8870
10436
9480
9915
9278
9498
8571
9127
8307
8966
7466
8689
8613
9775
8934
8906
8376
9029
8649
9216
8268
9062
8212
10254
9546
10296
9164
9642
8880
8913
8335
9118
8653
9651
8177
9356
9915
10779
9751
9670
8798
9535
8890
9463
8554
9544
8399
10340
9767
10745
9919
10509
9921
10062
9141
9921
9200
9544
8241
9395
9040
10037
9125
9033
8052
9029
8878
9366
8280
9219
7901
9440
9103
9883
8781
9712
9823
10006
8888
9562
8774
9319
8252
9382
8849
10299
9560
9477
8375
9295
8643
9220
8029
8762
7900
9716
9505
9978
8973
10014
9390
9744
8829
9686
9445
10130
8901
10395
10146
11608
10496
10195
8918
9629
8917
9690
8476
9196
8272
10421
9891
10513
9335
9713
8940
9432
8357
8885
8213
9501
8302
9184
8902
10522
9495
9583
7976
8751
8402
9781
8814
9036
7909
9536
9214
10056
8473
9313
8720
9478
8691
9387
8934
9987
8798
9729
9473
10591
9213
9535
8467
9199
8970
9837
9665
9736
8491
9416
9102
10484
9126
9464
9246
9897
8793
9204
8596
9184
8133
9234
8582
9746
9060
9588
8331
9119
8926
9723
9167
9501
8463
9548
9386
11097
9524
9874
9024
9424
9053
9056
8359
9145
8068
9376
8701
9656
8773
9400
8333
8963
8373
9133
9164
9560
8380
9912
9958
11329
9641
9684
8828
9318
PWM set: 80
4218
4324
4195
4338
4192
4238
4015
4283
4072
4532
4431
4452
4177
4341
4126
4106
3955
4066
4312
4378
4626
4197
4217
4038
4116
4180
4478
4501
4126
4249
4245
4087
4262
4080
4280
4228
4352
4081
4145
4042
4127
4101
4259
4253
4121
4037
4050
4060
4125
4276
4163
4131
4224
4151
4315
4358
4026
4194
4042
4014
4116
4207
4489
4255
4295
4080
4169
4191
4435
4373
4002
3990
4029
4067
4091
4149
4377
4149
4234
4111
4194
4112
4336
4283
4025
4074
4026
4166
4273
4357
4117
4265
4206
4306
4023
3843
4239
4092
4245
4120
4060
4164
4276
4479
4263
4416
4213
4299
4152
4322
4035
3857
4381
4520
4234
4390
4316
4472
4295
4412
4186
4482
4202
4632
4567
4714
4489
4674
4416
4449
4236
4438
4192
4412
4583
4634
4666
4224
4285
4194
4274
4191
4586
4310
4722
4578
4590
4279
4479
4251
4267
4086
4287
4136
4325
4290
4369
4062
4179
4315
4223
4352
4100
4327
4312
4369
4186
4475
4306
4305
4105
4303
4089
4167
4230
4488
4239
4369
4162
4253
4102
4222
4123
4228
4393
4212
4431
4196
4166
4139
4179
4359
4627
4280
4368
4223
4412
4406
4644
4333
4512
4105
4460
4618
4464
4681
4404
4354
4163
4398
4304
4495
4400
4756
4353
4433
4231
4311
4147
4273
4046
4291
4552
4530
4541
4157
4219
4055
4274
4208
4489
4455
4438
4093
4207
4287
4286
4475
4148
4343
4469
4402
4101
4283
4174
4176
4196
4047
4205
4212
4467
PWM set: 100
2460
2677
2708
2689
2527
2570
2524
2516
2484
2565
2496
2601
2468
2691
2706
2694
2537
2517
2420
2442
2416
2603
2470
2498
2484
2499
2438
2633
2493
2533
2487
2531
2483
2726
2614
2613
2525
2486
2439
2700
2583
2642
2550
2518
2511
2748
2627
2578
2461
2493
2517
2798
2631
2639
2523
2553
2537
2767
2627
2606
2545
2576
2567
2842
2698
2708
2635
2635
2589
2780
2651
2681
2651
2685
2654
2888
2712
2802
2758
2750
2640
2809
2684
2735
2688
2730
2675
2870
2729
2764
2686
2671
2656
2877
2739
2724
2642
2677
2633
2932
2766
2740
2676
2695
2688
2913
2752
2755
2720
2776
2719
2963
2812
2822
2768
2741
2669
2886
2797
2860
2785
2795
2672
2927
2828
2869
2795
2733
2674
2932
2827
2878
2813
2791
2690
3007
2916
2873
2764
2732
2714
2963
2784
2820
2741
2752
2681
2957
2804
2770
2730
2760
2724
2891
2740
2786
2731
2725
2641
2896
2792
2802
2731
2698
2627
2915
2839
2945
2795
2700
2626
2919
2835
2820
2750
2705
2667
2936
2829
2906
2756
2701
2676
2974
2889
2875
2768
2759
2704
3003
2893
2910
2715
2665
2632
2925
2869
2840
2780
2779
2721
2974
2814
2874
2809
2812
2777
2995
2801
2831
2740
2743
2692
2994
2870
2908
2790
2769
2719
2949
2894
2884
2763
2718
2656
2963
2863
2931
2810
2762
2706
2992
2933
2910
2762
2751
2733
3096
2952
2924
2788
2759
2807
3113
2945
2887
2816
2880
2844
3147
2938
PWM set: 120
2309
2305
2199
2252
2226
2215
2164
2216
2152
2236
2110
2261
2282
2276
2187
2248
2221
2155
2177
2139
2351
2227
2254
2183
2168
2138
2310
2178
2180
2125
2150
2109
2280
2140
2190
2156
2127
2067
2228
2118
2173
2106
2100
2031
2200
2100
2163
2099
2064
2022
2199
2110
2140
2054
2036
1995
2182
2078
2088
2010
1994
1974
2169
2050
2064
1987
1991
1947
2105
1984
2018
1986
1970
1955
2139
2038
2076
1992
1982
1938
2101
1992
2020
1976
1998
1977
2131
2007
2041
1979
1967
1906
2055
1966
2000
1953
1939
1903
2082
1989
2023
1940
1929
1888
2067
1981
1996
1916
1921
1899
2087
1972
1987
1926
1943
1926
2085
1991
2013
1970
1975
1934
2089
1969
2007
1949
1962
1926
2100
2005
2019
1970
1969
1920
2084
1968
2000
1943
1927
1894
2060
1982
2006
1930
1911
1868
2048
1957
1991
1895
1889
1883
2086
2010
1999
1904
1913
1903
2103
1979
1950
1880
1903
1934
2114
1966
1948
1894
1923
1899
2055
1907
1938
1904
1930
1912
2062
1935
1957
1910
1935
1901
2031
1923
1961
1934
1939
1899
2048
1941
1980
1928
1924
1862
2032
1943
1960
1890
1879
1856
2030
1934
1963
1895
1887
1860
2034
1930
1935
1874
1895
1902
2059
1924
1932
1857
1888
1863
2018
1887
1893
1856
1880
1865
2005
1885
1900
1854
1874
1847
2005
1899
1911
1866
1876
1843
1998
1867
1906
1870
1885
1853
2011
1917
1940
1892
1892
1856
2002
1912
1957
PWM set: 140
1603
1641
1626
1599
1573
1605
1575
1626
1547
1655
1680
1668
1609
1648
1636
1615
1590
1580
1556
1699
1615
1631
1562
1558
1524
1664
1593
1622
1574
1566
1546
1697
1611
1626
1562
1551
1533
1672
1599
1620
1569
1571
1555
1694
1598
1616
1558
1562
1539
1668
1591
1610
1566
1566
1540
1677
1589
1610
1557
1553
1527
1654
1571
1588
1540
1543
1526
1679
1590
1618
1564
1563
1536
1656
1558
1568
1517
1537
1536
1679
1593
1610
1564
1564
1546
1668
1569
1580
1530
1543
1516
1650
1560
1590
1551
1549
1523
1650
1570
1591
1544
1540
1509
1636
1550
1573
1523
1516
1491
1621
1542
1568
1513
1519
1497
1631
1550
1573
1527
1531
1515
1639
1546
1558
1515
1528
1509
1641
1553
1568
1525
1528
1508
1626
1521
1547
1515
1548
1540
1674
1583
1605
1560
1560
1532
1646
1562
1607
1581
1597
1562
1685
1602
1627
1583
1579
1549
1693
1626
1675
1624
1610
1572
1707
1631
1657
1601
1593
1575
1721
1644
1680
1631
1635
1610
1750
1667
1695
1649
1657
1644
1798
1709
1742
1690
1701
1681
1824
1733
1745
1709
1712
1688
1827
1734
1786
1739
1736
1698
1830
1741
1778
1736
1737
1701
1852
1774
1821
1747
1733
1697
1829
1752
1775
1717
1714
1683
1844
1759
1784
1712
1700
1665
1810
1727
1758
1713
1716
1682
1839
1739
1759
1690
1681
1664
1812
1740
1761
1701
1695
1657
1798
1702
1732
1685
1700
1690
1845
1757
1778
1710
PWM set: 160
1344
1320
1303
1336
1316
1362
1299
1390
1409
1390
1333
1363
1355
1340
1322
1348
1323
1381
1317
1309
1297
1372
1322
1334
1317
1382
1319
1325
1317
1387
1329
1330
1307
1369
1307
1306
1298
1368
1307
1305
1291
1360
1313
1332
1320
1377
1310
1316
1295
1356
1304
1310
1288
1353
1309
1315
1297
1373
1322
1317
1298
1362
1307
1299
1283
1358
1301
1301
1289
1354
1295
1294
1283
1358
1303
1305
1282
1333
1278
1286
1280
1346
1289
1293
1267
1328
1301
1315
1296
1366
1308
1302
1274
1351
1316
1317
1303
1372
1312
1300
1280
1362
1313
1306
1302
1380
1314
1305
1295
1383
1322
1326
1312
1374
1304
1304
1289
1363
1320
1337
1318
1378
1319
1313
1296
1383
1327
1315
1296
1358
1305
1314
1299
1379
1315
1311
1297
1372
1325
1327
1317
1387
1316
1305
1298
1376
1326
1317
1290
1353
1293
1292
1283
1363
1309
1292
1270
1340
1283
1290
1291
1361
1291
1286
1278
1349
1289
1298
1289
1354
1290
1287
1281
1346
1293
1303
1281
1339
1284
1287
1272
1342
1298
1309
1288
1357
1299
1288
1271
1350
1302
1297
1282
1350
1291
1284
1279
1362
1305
1310
1291
1350
1285
1293
1292
1352
1284
1285
1266
1322
1271
1288
1274
1329
1271
1276
1262
1330
1292
1303
1277
1334
1274
1269
1242
1315
1268
1272
1258
1322
1269
1276
1264
1338
1290
1290
1267
1329
1282
1283
1271
1348
1302
1308
1284
1344
1294
1300
1285
1361
1314
PWM set: 180
1174
1126
1152
1148
1130
1116
1139
1121
1159
1102
1179
1194
1178
1132
1157
1150
1131
1114
1167
1114
1114
1109
1169
1126
1129
1116
1170
1128
1133
1117
1176
1126
1122
1104
1159
1106
1111
1104
1155
1100
1097
1083
1139
1097
1112
1103
1153
1100
1088
1072
1134
1094
1104
1088
1142
1087
1084
1079
1142
1096
1099
1083
1135
1088
1092
1085
1137
1081
1080
1065
1115
1076
1088
1081
1132
1085
1089
1067
1120
1086
1091
1079
1133
1087
1079
1059
1118
1077
1074
1063
1120
1076
1075
1065
1135
1093
1096
1083
1134
1083
1085
1080
1146
1105
1112
1101
1148
1096
1104
1096
1159
1116
1114
1099
1145
1099
1101
1085
1148
1097
1090
1077
1141
1102
1106
1093
1150
1097
1097
1090
1158
1117
1122
1112
1169
1119
1118
1112
1178
1132
1134
1121
1178
1122
1123
1113
1172
1130
1130
1118
1176
1126
1128
1122
1183
1134
1132
1121
1174
1125
1133
1123
1180
1134
1133
1117
1174
1128
1139
1127
1182
1134
1133
1119
1179
1135
1138
1123
1183
1136
1131
1126
1198
1153
1153
1137
1201
1147
1150
1148
1204
1144
1145
1133
1187
1136
1147
1145
1207
1162
1171
1156
1204
1151
1159
1148
1208
1161
1162
1135
1189
1142
1145
1137
1200
1153
1148
1128
1194
1144
1146
1136
1193
1139
1131
1118
1181
1130
1136
1124
1177
1123
1131
1126
1192
1145
1148
1126
1172
1126
1135
1123
1183
1132
1125
1106
1161
1127
1135
1124
1185
PWM set: 200
951
1017
1030
1014
978
1001
1000
986
976
995
981
1014
965
1030
1043
1024
983
1002
962
984
1021
995
965
999
1027
986
947
978
1017
988
961
992
1019
976
943
975
1014
985
951
977
1004
966
938
974
1014
982
950
978
1003
967
934
964
998
966
938
969
999
967
940
975
1010
978
949
973
1002
972
940
969
1000
966
933
960
994
970
938
970
1006
969
934
968
1009
980
945
976
1005
964
933
967
1001
969
937
968
994
960
934
966
997
962
930
957
985
959
935
965
1001
969
933
955
984
954
922
952
990
960
922
954
988
957
929
962
997
958
924
951
982
951
921
951
982
942
910
943
976
949
921
953
983
949
918
947
979
946
912
939
972
943
918
953
988
956
924
951
982
951
924
956
988
954
917
945
978
947
921
953
986
950
918
949
985
955
925
958
991
955
926
962
998
971
944
976
1006
968
939
977
1011
980
953
979
1005
972
949
987
1022
990
958
981
1012
985
963
999
1032
1003
967
995
1032
1003
968
1000
1035
1002
969
1002
1037
1003
970
1006
1040
1002
973
1007
1038
1005
973
1002
1030
997
967
997
1027
991
960
988
1021
998
972
1007
1042
1006
966
991
1025
998
965
996
1026
988
950
981
1018
992
964
PWM set: 220
842
835
850
836
866
827
886
899
886
854
872
870
856
846
862
848
876
836
893
855
848
840
887
854
862
858
904
866
866
859
907
872
874
867
908
870
869
862
910
879
883
875
922
886
889
882
930
895
897
883
928
889
889
881
928
891
894
884
931
895
898
889
934
897
893
880
926
890
890
880
925
889
886
875
927
892
891
881
926
888
884
875
923
887
889
878
918
879
877
871
921
885
886
870
911
878
879
867
912
875
874
860
910
880
879
869
917
876
869
857
908
873
871
862
905
862
862
853
903
869
869
862
903
864
864
854
901
864
864
854
895
860
862
853
904
869
866
851
893
857
856
847
893
858
853
845
888
853
851
841
887
851
847
840
890
859
860
850
894
852
852
844
890
855
851
841
883
848
848
843
894
859
854
843
886
847
848
843
888
850
847
837
878
842
844
835
881
849
849
841
886
852
851
839
880
842
834
824
869
840
843
837
884
847
843
835
881
846
848
841
895
862
837
864
890
860
836
861
885
855
828
855
884
856
829
853
882
856
829
817
873
857
846
822
877
861
851
826
879
856
845
818
870
853
846
821
874
856
847
822
878
PWM set: 240
796
781
750
766
762
748
740
754
743
769
734
785
796
783
754
770
768
755
748
736
779
752
748
787
771
747
731
776
761
742
782
771
746
767
778
763
742
780
749
740
766
778
766
757
783
751
740
763
776
763
757
783
751
740
764
776
760
752
777
748
741
767
779
765
755
779
749
744
771
797
767
757
782
754
756
774
800
771
759
734
755
757
774
804
778
766
745
796
768
761
801
784
759
786
800
785
780
806
772
772
790
817
792
780
751
799
769
762
806
793
770
791
805
789
782
812
779
775
789
816
790
780
757
807
775
768
810
793
770
795
804
786
775
801
770
770
791
820
795
787
764
812
796
771
809
774
764
791
817
785
776
750
772
775
770
821
791
761
744
792
777
756
795
763
750
775
803
777
772
746
760
757
749
801
773
761
736
779
747
743
795
767
745
734
782
755
751
790
773
750
734
780
767
746
785
773
748
773
788
776
768
795
759
745
768
792
762
753
780
745
745
765
793
767
760
736
753
753
768
793
764
753
725
743
746
766
794
768
755
732
753
752
743
791
762
745
723
744
744
738
791
764
755
734
754
754
746
797
767
754
732
PWM set: 260
731
698
745
755
742
714
729
726
714
707
719
708
731
697
744
755
743
714
716
708
754
729
719
695
712
704
725
733
719
699
747
721
708
684
700
689
712
725
700
694
742
717
709
733
702
691
679
724
699
714
738
709
688
727
713
700
677
690
682
705
715
687
680
722
698
682
719
706
695
671
690
682
670
716
689
704
732
709
692
729
716
700
680
698
689
713
723
695
688
734
708
701
725
709
688
679
698
697
710
720
707
689
739
717
705
683
703
694
716
726
695
689
737
711
702
726
711
687
678
696
698
712
720
704
685
729
705
696
721
691
684
675
720
696
711
734
706
686
721
707
694
715
685
678
668
712
687
701
715
703
682
727
700
686
710
696
674
666
683
684
702
714
688
680
722
694
687
710
696
686
663
679
675
666
711
687
698
707
693
672
718
692
678
702
689
678
657
674
664
655
675
676
691
700
674
668
713
690
672
713
688
679
704
690
667
652
667
659
651
668
668
682
693
668
684
707
684
663
709
683
675
699
686
672
693
666
661
653
671
664
656
697
669
683
691
666
662
709
684
667
709
685
676
700
688
676
654
672
666
659
678
PWM set: 280
657
633
646
643
632
624
635
623
643
613
655
665
652
629
641
641
628
621
613
632
625
616
644
630
651
638
628
650
636
622
645
634
625
649
636
619
661
637
619
657
633
614
655
633
616
648
626
638
648
622
634
641
615
629
616
609
603
620
616
609
622
614
605
618
620
642
629
621
645
636
630
654
643
633
668
643
626
669
646
629
675
651
633
678
653
636
679
656
645
669
657
648
674
662
652
677
663
654
676
660
650
672
660
652
674
648
643
633
649
643
631
646
639
629
646
639
629
647
640
631
649
648
661
671
642
655
663
638
653
664
641
655
664
640
657
667
645
656
665
642
654
665
641
653
663
640
654
666
638
650
659
634
649
659
633
647
658
637
652
662
635
648
657
633
646
654
630
643
653
627
639
649
626
611
627
620
610
626
619
610
625
617
607
624
618
610
626
628
652
639
628
651
636
626
648
635
625
647
632
616
658
634
618
656
632
614
655
633
634
644
622
635
645
620
633
642
618
632
619
611
603
617
612
604
617
610
640
628
620
640
629
619
640
628
610
650
627
612
654
632
613
642
620
635
645
621
634
645
623
638
648
PWM set: 300
592
571
583
583
571
565
574
566
584
558
594
603
591
571
582
579
568
563
601
570
585
571
566
596
583
565
600
566
578
566
560
590
578
562
600
579
580
586
557
548
573
553
591
563
578
568
562
591
579
561
598
565
579
567
563
555
581
572
600
578
580
587
563
556
585
577
607
586
571
599
576
560
575
569
603
590
573
613
590
594
603
573
564
579
584
605
594
578
617
586
598
605
576
568
585
587
608
596
577
616
582
594
603
576
569
582
583
604
591
576
615
578
592
579
571
564
589
580
609
587
571
598
576
562
577
571
598
587
571
608
585
586
594
568
561
587
576
605
584
570
600
578
565
578
571
600
586
568
606
574
586
594
568
560
585
575
603
580
582
591
569
557
574
578
599
583
566
590
567
581
568
563
595
588
572
608
576
590
599
569
561
588
581
602
590
573
602
582
597
584
577
568
597
591
622
600
582
612
589
602
612
583
576
591
595
618
607
590
631
608
593
621
599
611
621
593
583
598
594
627
616
606
630
618
597
637
612
594
622
600
615
625
599
592
607
601
591
615
605
625
614
605
635
614
596
635
599
610
617
594
581
PWM set: 320
523
559
567
558
537
549
547
537
533
542
532
550
526
561
569
559
538
531
558
544
528
553
526
554
543
527
553
526
518
542
523
546
521
550
540
524
550
524
552
542
525
550
525
520
546
529
555
534
520
544
525
551
532
519
542
525
551
530
516
538
521
548
530
519
545
528
553
533
518
542
524
560
532
519
543
526
562
529
515
539
523
559
529
519
544
527
560
528
515
539
521
554
526
514
541
524
558
528
514
538
520
544
525
515
540
523
548
529
514
536
517
543
519
547
537
522
549
524
548
536
518
541
516
543
534
539
548
521
547
535
537
526
519
548
537
540
528
530
548
536
540
528
534
554
544
548
538
532
562
549
550
559
534
565
555
538
565
544
531
553
545
572
542
530
542
546
574
555
555
542
534
562
550
533
558
531
559
549
531
558
534
526
551
532
557
539
527
551
543
570
539
526
539
541
567
547
549
537
541
561
549
549
536
530
558
546
547
553
527
554
542
525
551
527
557
545
528
554
529
557
544
526
551
527
520
544
526
551
525
516
540
523
550
526
519
544
527
552
532
518
544
528
555
536
525
552
545
574
544
558
546
PWM set: 340
522
520
509
504
512
503
520
496
529
537
527
509
520
518
509
504
512
537
510
497
521
503
526
501
527
515
516
506
510
534
503
489
510
492
498
500
524
497
487
510
492
516
492
523
494
485
509
493
517
494
518
505
481
504
487
512
489
516
506
508
508
490
513
488
513
501
504
505
490
511
488
512
500
502
502
486
511
489
513
500
479
502
486
510
488
522
495
483
506
489
512
488
514
494
483
505
489
512
489
513
492
482
507
491
514
492
516
503
480
504
488
513
488
512
492
479
501
484
511
489
521
493
482
505
490
511
488
521
494
482
506
488
514
489
521
494
483
506
490
513
491
522
493
481
504
486
507
486
519
493
482
505
488
510
493
516
489
480
504
487
492
494
517
487
475
495
498
489
492
518
486
509
495
496
485
481
506
485
511
500
480
503
487
511
488
513
503
481
505
487
511
487
514
493
484
509
494
518
495
520
509
511
500
495
521
498
524
513
517
507
509
533
504
492
516
498
524
501
528
514
515
504
506
530
501
491
515
516
505
508
531
502
489
510
495
520
497
523
511
513
502
504
530
501
523
509
514
504
507
528
499
PWM set: 360
459
466
458
475
452
482
489
481
464
474
471
464
461
467
459
476
491
467
456
475
480
480
465
471
476
499
469
492
482
463
485
469
477
479
505
473
498
486
467
488
473
481
484
508
480
500
488
489
489
475
501
479
511
484
472
490
492
481
485
500
477
501
491
471
490
473
479
483
507
478
499
486
486
482
465
471
472
496
467
492
482
461
483
483
471
473
489
469
498
471
458
476
476
473
459
466
469
493
465
487
466
452
470
472
472
457
465
468
482
459
488
462
450
470
474
473
457
460
459
475
460
484
455
480
460
449
468
470
468
452
459
462
477
456
486
460
479
468
451
474
476
465
461
483
466
487
456
479
461
447
466
470
468
453
458
454
477
462
486
455
479
460
449
469
470
468
453
459
460
474
452
483
453
477
458
446
464
465
463
464
453
448
472
459
473
450
479
453
469
459
441
461
464
462
464
452
447
469
455
470
449
478
453
471
451
438
458
439
460
463
453
448
453
455
471
449
480
451
475
456
444
467
470
471
456
463
466
481
459
490
464
482
472
453
476
477
467
462
485
463
491
464
484
472
453
475
476
465
457
480
464
PWM set: 380
430
445
424
452
459
450
434
444
441
434
429
437
430
443
423
452
443
444
435
430
434
428
434
429
434
438
453
440
454
441
464
435
464
436
459
439
456
439
457
446
429
448
431
451
451
451
452
441
437
444
439
460
446
461
445
468
440
469
444
463
443
461
449
430
449
430
450
449
449
449
439
434
440
434
439
442
454
439
454
441
464
434
463
434
463
437
456
438
455
444
425
443
422
440
419
437
418
440
443
444
444
442
441
439
426
433
429
434
428
432
426
429
430
445
433
447
434
447
431
443
428
443
430
445
425
453
423
451
423
451
422
450
423
451
422
452
424
453
430
450
433
448
429
446
428
446
429
447
430
447
437
417
435
418
438
419
438
420
438
419
437
437
437
437
437
439
440
440
439
440
440
425
431
427
432
427
432
427
432
433
448
435
449
434
447
432
446
425
453
425
453
424
452
424
453
426
454
426
455
431
449
430
448
430
446
429
446
429
447
436
419
437
419
438
418
437
418
438
420
439
442
441
443
442
442
442
443
433
428
434
430
436
432
454
439
454
442
455
434
463
435
464
439
457
439
458
441
429
450
429
447
PWM set: 400
421
417
424
417
430
410
438
443
436
421
430
429
421
417
424
418
446
418
444
414
439
409
430
417
431
418
431
418
430
415
412
409
414
410
415
411
415
410
416
426
426
428
427
427
428
428
429
430
432
434
433
434
434
435
436
438
438
439
438
424
430
424
430
425
431
426
431
427
432
434
448
434
448
433
447
434
447
428
457
429
457
428
457
427
456
432
449
431
449
432
449
431
448
438
419
437
418
436
416
431
412
430
412
431
414
433
413
431
411
429
411
430
411
428
408
425
407
423
406
425
407
418
435
417
432
415
434
417
435
418
436
417
439
412
440
412
439
411
439
410
438
412
440
414
434
421
433
419
431
418
432
419
432
419
433
419
417
411
415
412
417
415
418
413
416
411
414
423
425
426
426
426
425
425
423
423
423
406
423
405
423
406
424
406
425
407
425
434
415
430
412
429
412
429
412
435
408
435
408
437
409
430
417
430
416
429
415
427
414
413
410
414
410
415
410
412
421
421
421
422
423
423
423
424
404
423
405
423
405
423
406
425
407
426
438
421
438
421
438
422
438
422
440
421
440
423
440
423
441
425
441
Done!
