PWM set: -400
442
450
443
446
455
457
448
465
469
463
435
452
437
445
439
441
443
435
442
433
439
430
444
440
441
440
442
439
441
439
440
438
440
440
442
439
441
421
439
421
438
420
439
420
438
419
435
415
432
415
434
416
432
415
431
414
430
413
430
413
431
428
430
427
429
428
430
427
428
427
421
412
420
413
422
414
422
415
421
412
435
420
436
421
436
421
435
420
436
416
442
418
444
417
442
417
443
418
444
419
445
419
439
422
440
423
441
424
441
423
439
422
439
420
438
420
437
419
437
420
410
429
412
429
412
429
412
430
412
430
414
430
413
430
412
431
427
430
428
432
429
432
430
432
428
432
430
433
430
425
416
423
414
422
415
422
416
424
416
423
415
424
418
426
428
443
428
443
428
445
430
445
430
429
421
428
421
429
423
430
424
432
424
430
423
431
424
432
425
433
425
430
424
432
425
433
426
434
439
440
438
440
438
442
441
443
439
441
439
441
438
442
440
442
422
439
421
439
421
439
421
439
419
435
417
435
418
436
419
437
418
435
417
433
416
434
417
434
415
431
413
430
412
429
412
429
410
427
426
428
425
PWM set: -380
441
435
438
448
450
441
458
462
456
430
447
434
442
435
438
448
462
441
458
443
459
443
460
435
441
433
442
436
453
449
452
449
451
430
447
429
446
429
446
454
435
452
433
451
433
450
432
456
429
454
428
455
428
454
428
455
428
452
426
451
425
451
426
448
431
445
429
444
427
441
426
441
421
447
420
447
422
448
423
449
422
448
422
448
422
448
423
450
424
449
424
448
422
448
424
450
424
450
425
451
424
447
433
448
431
447
431
444
427
443
428
442
427
443
427
440
425
440
418
444
418
443
417
442
417
442
417
443
417
442
419
435
417
435
418
436
419
436
418
435
427
410
428
411
429
413
429
411
429
413
429
413
432
428
429
425
429
426
429
427
431
426
419
412
419
412
419
413
421
413
434
419
434
418
434
420
434
412
437
413
438
414
441
417
441
418
435
418
435
419
437
421
438
421
438
420
438
431
415
433
415
432
416
433
416
435
418
435
418
436
418
436
419
438
449
431
448
431
449
430
449
433
451
433
449
432
449
428
455
430
457
431
457
431
457
431
453
438
455
438
454
439
454
438
437
429
437
428
435
427
433
PWM set: -360
475
470
443
461
446
455
448
452
461
463
454
472
477
470
444
462
450
480
458
475
459
458
451
468
468
471
450
467
477
459
486
457
488
467
485
460
466
474
476
454
472
481
462
488
457
480
461
478
451
458
466
469
448
466
447
457
473
454
480
453
475
457
473
448
454
445
463
461
465
443
462
470
451
468
448
473
447
474
453
469
453
451
443
451
459
461
458
458
440
457
438
446
464
447
472
446
474
447
469
452
470
447
454
447
466
463
462
443
462
471
453
473
453
481
459
474
457
457
449
458
466
468
447
464
444
454
471
453
479
452
475
457
474
449
456
450
468
467
467
447
465
474
456
481
454
479
462
479
450
457
464
467
464
465
447
465
473
454
478
451
478
456
475
459
458
449
466
464
466
446
465
475
457
475
453
481
461
479
464
464
458
476
473
473
455
464
482
461
493
471
486
459
468
475
478
458
479
489
470
495
473
490
464
472
481
485
463
472
491
469
499
475
474
467
486
482
482
462
471
498
467
492
476
476
484
486
462
482
489
469
496
474
492
466
472
480
483
460
471
491
469
498
476
474
466
484
479
479
460
469
487
PWM set: -340
473
492
477
486
478
483
493
494
484
503
509
503
472
493
478
488
485
512
481
506
480
499
497
497
507
485
518
494
493
504
506
486
495
524
500
499
506
510
489
500
526
502
501
511
512
520
499
527
502
500
506
507
517
497
524
499
498
507
509
517
495
522
497
493
500
503
479
488
515
483
507
481
498
495
496
506
484
516
493
493
501
502
477
487
514
483
506
480
497
493
491
499
479
506
483
501
474
492
488
486
493
474
502
479
497
471
479
486
485
465
476
502
473
498
483
481
489
491
468
480
500
477
503
478
484
490
488
468
477
504
474
500
475
483
490
490
469
480
505
477
502
477
484
490
490
469
480
506
476
502
476
482
489
488
467
477
502
473
497
472
479
486
488
466
476
494
472
497
480
476
467
485
462
481
491
474
501
479
496
469
477
484
484
464
476
497
473
496
478
476
484
484
463
485
494
470
499
475
492
466
472
480
482
463
472
490
467
496
472
470
464
483
481
481
461
471
495
465
490
474
474
465
482
480
479
488
470
497
470
495
477
477
485
487
465
475
496
475
506
484
483
492
495
472
482
503
481
505
488
488
496
PWM set: -320
513
523
515
518
530
532
521
540
546
539
506
527
510
519
511
515
526
537
513
539
510
529
504
514
541
515
513
521
521
531
505
529
502
521
496
506
535
512
510
517
517
527
502
526
499
507
516
518
528
505
531
504
524
499
509
539
516
516
523
524
534
509
533
505
525
503
514
544
521
521
530
530
547
523
523
532
533
544
519
546
518
537
511
519
546
518
537
514
526
556
530
540
515
527
557
532
530
540
530
558
531
527
535
536
545
519
524
532
533
540
513
536
510
531
506
516
547
524
522
527
526
535
509
535
507
527
535
511
535
505
522
497
518
528
504
530
504
524
498
508
535
511
511
519
520
531
507
532
502
521
497
506
534
509
510
519
519
526
506
535
512
511
520
524
537
513
536
507
525
501
510
538
514
516
525
525
541
509
516
524
524
535
513
540
513
530
505
515
542
516
515
524
527
537
511
537
509
529
504
515
543
521
521
528
529
545
522
520
527
528
539
516
542
514
533
507
516
544
519
517
527
530
541
523
521
529
530
540
514
540
514
535
510
518
547
523
520
505
515
544
521
521
529
531
543
518
545
516
537
515
523
PWM set: -300
588
603
605
592
615
622
614
577
600
581
591
582
586
598
601
588
610
574
582
590
597
583
610
579
599
611
590
601
575
585
592
598
584
611
580
600
609
588
598
571
579
584
592
579
613
576
596
606
585
584
568
578
602
587
587
606
579
590
563
570
599
585
572
601
562
585
595
569
575
582
569
600
563
583
589
561
567
576
576
595
567
577
549
556
581
566
567
580
563
561
546
557
589
553
574
581
557
565
578
579
597
572
583
556
563
589
575
579
598
572
584
558
569
599
584
581
599
575
588
560
569
578
590
581
612
572
592
600
583
581
566
576
603
574
593
612
584
595
569
577
584
590
578
611
573
595
600
580
578
562
573
598
568
588
600
582
579
562
569
598
586
587
606
579
591
567
574
580
585
572
604
567
589
595
568
577
588
576
599
566
583
595
576
572
558
568
594
564
580
587
566
565
573
559
589
552
575
584
556
581
565
566
584
556
554
541
554
585
550
569
576
549
577
565
565
576
559
560
546
557
587
550
573
580
553
560
570
573
593
565
576
548
558
583
552
571
582
565
566
551
562
590
553
574
580
552
578
568
568
588
561
PWM set: -280
595
598
611
614
601
623
631
623
586
610
592
603
594
597
611
615
602
632
605
616
625
605
606
591
597
604
610
599
625
611
610
628
590
614
622
601
611
582
591
597
607
593
619
588
609
629
600
610
617
598
597
582
590
619
607
597
631
589
606
626
600
614
621
593
601
590
602
633
619
606
632
603
621
642
603
622
637
619
632
640
619
632
605
614
621
604
612
624
611
625
653
639
629
659
645
631
656
641
628
657
643
631
659
644
643
664
625
644
665
624
644
665
626
645
666
625
647
668
627
646
666
624
649
658
638
651
660
639
649
658
636
646
653
633
648
657
637
648
656
636
635
618
623
629
613
623
633
616
625
633
618
629
637
619
624
651
635
623
651
636
622
650
637
625
650
613
629
647
607
627
647
617
629
637
617
628
594
600
605
589
601
629
615
603
631
600
619
639
598
620
627
608
620
593
601
609
596
608
632
616
602
627
598
619
640
603
628
639
619
631
637
614
610
596
604
613
597
610
640
629
617
643
607
627
650
613
633
653
614
641
653
633
643
648
627
639
647
627
639
610
620
631
618
628
636
619
628
637
620
628
634
PWM set: -260
667
691
698
689
647
673
652
663
653
656
671
673
661
685
693
684
644
670
658
685
667
650
658
643
654
661
642
651
658
641
648
652
633
650
664
677
658
671
681
657
672
685
663
673
683
662
674
700
658
681
702
659
681
696
680
665
691
675
663
694
652
663
671
654
664
673
696
671
682
690
669
684
695
660
679
700
657
681
704
679
663
692
676
665
696
681
663
672
653
663
672
654
671
684
693
673
689
699
665
685
708
667
689
705
688
672
699
685
671
677
659
665
672
656
675
687
696
671
683
692
671
681
703
658
679
703
663
670
701
682
667
699
686
670
677
656
663
673
701
682
695
703
680
688
713
671
693
714
689
677
710
696
680
690
672
681
705
714
690
703
722
677
700
727
707
697
730
685
692
698
723
700
714
734
689
712
729
712
698
703
683
693
717
727
703
713
733
687
713
734
721
705
713
692
714
729
739
702
720
732
713
702
710
694
702
725
733
711
722
745
720
702
729
686
699
712
740
717
730
752
707
714
746
727
705
712
735
713
728
748
698
720
736
722
707
714
691
706
718
730
695
718
743
719
705
715
698
708
731
738
711
PWM set: -240
728
744
734
738
756
760
746
774
782
771
727
756
734
748
739
744
763
768
784
737
744
766
772
733
760
778
731
741
766
779
744
774
791
742
749
771
779
742
768
786
739
751
778
791
756
765
801
754
774
786
805
755
766
774
754
774
784
812
789
771
783
812
770
793
809
759
771
799
822
768
775
782
763
786
797
822
791
768
775
800
759
783
799
750
757
782
805
761
770
778
754
772
786
807
780
765
769
793
765
776
809
785
766
776
799
756
779
798
749
760
785
793
752
759
794
749
762
788
805
751
758
763
744
763
775
793
764
749
757
741
762
775
792
764
749
755
734
752
763
782
733
740
778
730
739
763
771
733
758
777
758
738
742
765
740
750
778
754
738
741
721
742
759
781
730
735
764
718
727
752
763
728
749
764
747
727
737
764
739
749
773
746
732
741
725
747
763
781
731
738
770
723
729
749
756
719
746
764
749
728
737
763
741
753
779
753
734
737
721
745
762
783
733
737
767
722
735
761
770
729
748
763
750
735
745
769
741
751
778
757
744
748
724
739
753
774
728
734
763
715
723
748
762
726
747
761
741
721
732
759
736
PWM set: -220
786
802
794
799
818
825
809
839
849
838
790
820
795
810
798
801
818
823
805
832
791
801
836
783
800
807
832
807
790
821
835
794
799
805
785
809
820
837
814
791
817
839
791
801
810
841
799
824
843
797
823
835
859
825
802
829
855
809
822
832
863
820
831
842
874
831
855
870
816
836
847
866
816
841
854
885
856
837
866
891
866
847
875
897
862
838
865
892
867
848
878
904
875
854
888
916
888
868
898
917
883
859
891
917
887
868
901
923
887
866
897
925
894
873
901
919
885
862
892
920
891
868
897
918
889
870
905
938
905
878
899
915
881
861
894
923
892
867
893
919
891
875
908
933
897
867
890
908
875
854
886
910
880
858
887
915
886
868
900
927
893
866
891
910
878
858
887
908
877
854
880
903
877
857
887
909
874
850
874
893
861
838
866
887
856
833
860
883
853
831
858
866
819
822
825
849
804
833
851
801
823
832
848
833
817
846
867
835
811
816
843
802
812
821
801
822
830
848
801
817
847
869
839
814
838
845
803
811
819
847
819
829
849
804
832
846
877
846
822
847
870
842
825
835
862
817
827
837
873
834
843
PWM set: -200
950
952
976
983
962
994
1006
991
934
967
939
955
940
943
964
968
948
983
995
925
954
972
993
934
958
966
987
931
962
981
1001
938
956
959
977
923
953
971
992
927
942
946
965
915
949
967
983
918
933
940
960
910
941
958
977
915
936
945
966
914
945
958
976
914
935
945
963
909
936
946
963
904
926
938
960
911
938
949
965
903
921
929
950
899
925
935
951
894
919
933
956
902
929
943
961
901
923
937
959
906
933
945
965
906
933
947
973
921
947
962
978
918
940
950
975
920
943
951
963
904
929
946
976
925
950
961
975
914
937
952
974
917
940
950
964
905
933
951
977
919
941
951
967
908
937
954
978
920
943
946
959
901
929
950
980
925
947
950
965
910
941
960
984
925
945
947
962
908
937
957
983
926
950
959
976
925
953
970
988
926
948
957
978
924
956
974
993
931
951
963
984
931
964
976
991
924
940
946
966
916
950
967
989
929
953
967
993
940
965
973
985
922
945
958
983
926
955
971
992
935
959
977
1000
938
963
973
988
926
947
958
983
931
963
982
1005
947
970
979
1002
947
974
988
1004
943
967
977
1003
948
979
997
1023
PWM set: -180
1186
1226
1244
1225
1153
1196
1165
1185
1168
1168
1195
1201
1180
1221
1237
1221
1151
1186
1206
1234
1161
1188
1199
1229
1161
1203
1227
1244
1165
1180
1189
1217
1142
1179
1195
1216
1140
1166
1186
1220
1161
1195
1208
1225
1151
1175
1186
1214
1143
1177
1196
1218
1146
1179
1191
1216
1148
1183
1201
1223
1145
1163
1165
1188
1116
1149
1164
1187
1108
1131
1146
1174
1114
1143
1156
1171
1095
1120
1134
1162
1092
1123
1139
1158
1084
1113
1133
1159
1099
1130
1138
1152
1075
1097
1114
1142
1086
1115
1120
1130
1053
1078
1096
1128
1071
1102
1110
1122
1049
1077
1094
1123
1057
1080
1085
1103
1044
1078
1106
1136
1074
1102
1113
1134
1069
1101
1117
1139
1070
1096
1115
1140
1075
1104
1117
1143
1079
1112
1132
1149
1083
1113
1124
1147
1077
1101
1114
1135
1071
1108
1134
1165
1102
1128
1138
1156
1089
1122
1139
1167
1106
1135
1149
1167
1102
1135
1158
1187
1122
1154
1164
1179
1105
1141
1167
1199
1134
1163
1166
1183
1117
1158
1187
1208
1133
1155
1160
1184
1124
1171
1191
1209
1127
1145
1154
1186
1124
1155
1170
1189
1116
1143
1163
1196
1131
1161
1172
1188
1109
1132
1147
1178
1120
1159
1178
1201
1126
1154
1172
1197
1134
1171
1181
1198
1120
1147
1172
1208
1147
1176
1186
1201
1121
1144
1160
1190
1123
1158
1173
1195
1119
1146
1158
1180
1111
1137
1149
1170
1100
1130
1147
PWM set: -160
1231
1255
1257
1232
1272
1291
1273
1203
1251
1220
1247
1238
1245
1281
1288
1262
1302
1215
1234
1239
1267
1207
1259
1289
1310
1218
1240
1255
1287
1223
1264
1280
1293
1210
1235
1251
1281
1222
1266
1288
1320
1247
1277
1296
1330
1258
1294
1305
1321
1247
1276
1297
1333
1261
1304
1327
1343
1256
1282
1305
1338
1258
1289
1301
1311
1228
1262
1291
1323
1247
1285
1301
1325
1241
1273
1299
1336
1260
1287
1302
1318
1235
1265
1283
1317
1252
1293
1307
1332
1248
1280
1301
1345
1277
1304
1310
1319
1227
1256
1283
1328
1268
1307
1319
1330
1243
1277
1301
1334
1256
1284
1294
1303
1214
1247
1273
1308
1238
1271
1281
1303
1230
1271
1296
1329
1258
1289
1296
1308
1227
1264
1293
1333
1260
1291
1296
1315
1239
1281
1314
1341
1252
1265
1262
1272
1197
1242
1274
1305
1227
1251
1255
1274
1201
1240
1265
1289
1202
1224
1231
1249
1180
1221
1245
1274
1196
1224
1234
1257
1192
1234
1253
1276
1200
1219
1225
1242
1176
1215
1241
1274
1199
1229
1244
1274
1204
1241
1262
1290
1213
1240
1259
1283
1206
1241
1262
1291
1220
1260
1284
1312
1236
1283
1307
1331
1256
1281
1288
1312
1241
1285
1312
1340
1262
1293
1306
1338
1278
1323
1340
1359
1274
1297
1312
1347
1276
1321
1350
1385
1297
1320
1342
1388
1324
1369
1391
1413
1317
1342
1366
1403
1332
1376
1393
1416
1316
1352
1382
1428
1365
1399
PWM set: -140
1493
1525
1515
1518
1557
1560
1531
1574
1590
1555
1459
1505
1458
1475
1448
1447
1476
1455
1519
1504
1488
1526
1504
1534
1494
1447
1483
1515
1529
1477
1495
1535
1504
1536
1496
1450
1483
1527
1529
1468
1482
1529
1558
1547
1461
1456
1505
1538
1553
1496
1516
1553
1526
1581
1501
1474
1483
1468
1536
1527
1533
1562
1527
1581
1456
1494
1485
1540
1573
1496
1509
1516
1548
1516
1553
1517
1482
1521
1518
1606
1508
1553
1524
1551
1566
1571
1500
1516
1572
1568
1652
1542
1552
1552
1578
1551
1621
1500
1509
1516
1566
1576
1670
1561
1576
1568
1605
1579
1647
1526
1546
1569
1632
1635
1728
1610
1618
1620
1650
1622
1691
1565
1591
1613
1667
1660
1738
1612
1629
1627
1663
1637
1706
1585
1608
1629
1683
1660
1731
1608
1621
1627
1668
1651
1731
1619
1653
1665
1705
1695
1788
1668
1686
1688
1735
1711
1773
1642
1644
1648
1690
1685
1779
1655
1663
1656
1690
1661
1731
1603
1622
1636
1691
1688
1768
1637
1643
1636
1671
1644
1721
1603
1621
1640
1691
1666
1744
1612
1623
1630
1664
1635
1705
1588
1622
1641
1678
1655
1720
1586
1595
1587
1615
1581
1650
1543
1571
1594
1654
1644
1725
1593
1596
1586
1608
1581
1667
1562
1588
1605
1652
1639
1707
1573
1570
1553
1578
1559
1645
1549
1579
1600
1662
1643
1709
1564
1557
1551
1593
1586
1674
1566
1587
1591
1622
1590
1644
1515
1523
1532
1577
PWM set: -120
1931
1931
1975
1988
1959
2020
2038
2007
1893
1968
1922
1969
1958
1963
2012
2020
2002
2091
1924
1924
1922
1967
1937
1990
1841
1881
1921
1997
1983
2078
1928
1931
1917
1941
1902
1984
1861
1907
1940
2015
2011
2102
1935
1929
1910
1950
1930
2035
1916
1949
1957
2010
1992
2098
1956
1953
1948
1979
1963
2076
1956
1996
2012
2064
2047
2121
1946
1949
1948
2008
1984
2076
1953
1989
2002
2063
2026
2092
1924
1934
1967
2015
1992
2111
1980
2022
2045
2092
2060
2114
1941
1953
1960
2004
2005
2119
1994
2029
2044
2094
2054
2123
1960
1963
1969
2023
2036
2175
2039
2062
2052
2073
2040
2122
1965
1982
1992
2037
2040
2148
2008
2013
1999
2039
2019
2106
1960
1970
1975
2037
2044
2159
1999
2009
2008
2061
2045
2130
1986
1999
1991
2047
2040
2149
1997
2013
2038
2096
2059
2140
1989
2000
2014
2069
2061
2171
2028
2062
2075
2132
2124
2199
2046
2076
2090
2163
2150
2263
2129
2156
2157
2207
2186
2298
2152
2167
2182
2245
2249
2392
2216
2237
2233
2256
2249
2351
2206
2208
2188
2254
2262
2376
2214
2225
2231
2271
2234
2317
2151
2162
2176
2253
2270
2387
2215
2227
2204
2213
2173
2243
2066
2080
2113
2222
2248
2355
2189
2193
2202
2241
2216
2334
2195
2256
2271
2308
2278
2368
2183
2207
2213
2242
2212
2316
2170
2199
2204
2275
2242
2324
2146
2134
2110
2144
2131
2272
2117
2131
2133
2170
2150
PWM set: -100
3232
3310
3245
3313
3336
3285
3083
3160
3084
3114
3079
3037
3116
3131
3085
3168
3197
2988
3024
2998
3073
3118
3269
3028
3025
2988
3011
3035
3145
2922
2962
2925
3047
3076
3181
2959
2905
2876
2958
2966
3108
2877
2888
2933
2991
2967
3061
2823
2849
2874
2914
2905
2999
2772
2812
2805
2895
2923
3006
2840
2861
2842
2863
2802
2949
2792
2818
2805
2855
2848
2941
2740
2770
2756
2768
2745
2888
2696
2746
2761
2808
2814
2894
2698
2713
2694
2743
2717
2865
2677
2728
2751
2778
2764
2866
2636
2642
2649
2740
2759
2876
2643
2639
2640
2724
2734
2809
2601
2622
2638
2703
2695
2819
2601
2620
2648
2694
2681
2804
2625
2685
2700
2771
2764
2844
2646
2726
2757
2814
2808
2935
2805
2823
2795
2831
2779
2911
2754
2802
2817
2833
2829
2978
2765
2806
2770
2782
2813
2911
2693
2712
2744
2812
2814
2902
2705
2745
2760
2870
2837
2920
2693
2701
2759
2859
2873
2984
2720
2724
2746
2831
2838
2911
2698
2736
2789
2873
2893
3022
2803
2803
2838
2924
2872
2955
2784
2892
2981
3021
3013
3129
2852
2899
2893
2918
2912
3054
2973
3069
3040
3074
3039
3183
2994
3023
3051
3144
3157
3305
3081
3131
3154
3164
3165
3296
3013
3017
3048
3135
3217
3302
3060
3074
3042
3160
3160
3219
2961
2957
2952
3008
3049
3225
3010
3009
3042
3057
3001
3100
2885
2987
3022
3026
3040
3120
2932
2985
3007
3103
3023
3067
PWM set: -80
4008
4094
4118
4038
3769
3897
3855
3993
3899
3871
3947
4098
4043
4122
4015
3969
3749
3848
3820
3943
3903
3949
3772
3907
3877
3932
3910
3974
3807
3811
3826
3944
3860
3997
3674
3724
3849
3922
3919
3939
3723
3882
3824
3894
3905
4050
3814
3762
3797
3919
4029
4120
3841
3901
3936
4084
4116
4186
3796
3806
3851
3928
4013
4111
3881
3958
3849
3998
4093
4115
3803
3775
3949
4125
4089
4180
3838
3898
3928
3990
3978
4122
3814
3892
3929
3892
3951
3994
3704
3902
3840
3939
3937
3958
3781
3824
3928
3983
3918
4101
3836
3863
3865
4024
4090
4174
3878
3926
4003
3916
4010
4116
3831
3849
3775
3920
4048
4077
3826
3809
3782
3869
3900
4041
3743
3823
3863
3982
3992
4040
3747
3787
3745
3842
3864
3876
3545
3638
3661
3729
3767
3819
3641
3695
3724
3827
3773
3986
3725
3728
3755
3739
3787
3950
3758
3781
3714
3881
3935
4002
3743
3830
3796
3846
3822
4001
3840
3739
3658
3881
3922
4180
3855
3813
3831
3814
3924
4035
3706
3683
3747
3941
3935
4000
3734
3810
3796
3833
3822
3900
3677
3699
3789
3985
3903
4037
3877
3948
3968
3914
3950
4133
3831
3959
3924
3968
4026
4086
3796
3851
3926
3978
3939
4062
3819
3908
3916
4016
3955
4076
3851
3841
3842
3906
3975
4111
3775
3892
3921
4024
3977
4049
3805
3797
3802
3900
3928
3998
3793
3875
3834
3911
3914
4099
3823
3798
3838
3841
3907
4068
3793
PWM set: -60
9690
11592
9469
10460
8916
9976
8648
9254
8855
9350
8081
8932
8456
9431
8278
9038
8991
10392
8791
8805
8918
10336
9567
11973
10420
11989
9207
11252
9556
10092
8501
9137
9400
10909
9122
10574
9291
9583
8690
10031
10299
12964
10437
11486
10420
13195
10091
11258
10171
12413
9907
12466
10046
11590
10548
12248
10711
13226
10858
12516
10942
12371
9943
11646
10810
13178
11150
12514
10483
13397
10573
12876
10237
11992
9900
13330
12420
15605
10919
11979
10727
13101
10794
12449
11225
14562
11331
14986
12385
14591
10644
11964
10304
13760
10525
12661
10854
14604
10937
13642
11035
11851
9641
9684
9836
11468
9555
11045
10515
12724
10082
11958
10877
12937
10286
11630
9845
12540
10551
13605
11732
14662
11125
13020
11099
12849
10125
10659
10822
14723
12107
16768
13575
19847
12742
18368
11389
15344
11386
13354
10753
15801
11346
14956
11699
16717
12471
16176
12054
14603
10896
12354
11895
16846
12325
15826
11885
16473
10774
15127
12912
18715
12154
15345
11926
18118
12591
16887
11974
13944
10699
14044
11668
14276
10134
11222
10888
14254
10760
12933
10662
13973
10426
14501
10796
13379
11097
12187
10205
13008
11575
14361
12074
17557
12830
15894
11992
14106
10782
12924
11428
19025
13172
17631
12866
19289
10976
13322
10226
11119
9788
10752
10884
17107
12923
15379
11784
13819
10906
14876
12938
16558
10789
12477
11438
17274
12748
15071
11210
15574
10744
13778
12117
15558
12791
16810
13651
22720
15598
18321
13074
18310
11941
16263
11781
14848
10740
13276
11520
17461
12301
PWM set: -40
0
0
0
0
0
0
0
0
0
0
0
0
0
0
0
0
0
0
0
0
0
0
0
0
0
0
0
0
0
0
0
0
0
0
0
0
0
0
0
0
0
0
0
0
0
0
0
0
0
0
0
0
0
0
0
0
0
0
0
0
0
0
0
0
0
0
0
0
0
0
0
0
0
0
0
0
0
0
0
0
0
0
0
0
0
0
0
0
0
0
0
0
0
0
0
0
0
0
0
0
0
0
0
0
0
0
0
0
0
0
0
0
0
0
0
0
0
0
0
0
0
0
0
0
0
0
0
0
0
0
0
0
0
0
0
0
0
0
0
0
0
0
0
0
0
0
0
0
0
0
0
0
0
0
0
0
0
0
0
0
0
0
0
0
0
0
0
0
0
0
0
0
0
0
0
0
0
0
0
0
0
0
0
0
0
0
0
0
0
0
0
0
0
0
0
0
0
0
0
0
0
0
0
0
0
0
0
0
0
0
0
0
0
0
0
0
0
0
0
0
0
0
0
0
0
0
0
0
0
0
0
0
0
0
0
0
0
0
0
0
0
0
0
0
0
0
0
0
0
0
0
PWM set: -20
0
0
0
0
0
0
0
0
0
0
0
0
0
0
0
0
0
0
0
0
0
0
0
0
0
0
0
0
0
0
0
0
0
0
0
0
0
0
0
0
0
0
0
0
0
0
0
0
0
0
0
0
0
0
0
0
0
0
0
0
0
0
0
0
0
0
0
0
0
0
0
0
0
0
0
0
0
0
0
0
0
0
0
0
0
0
0
0
0
0
0
0
0
0
0
0
0
0
0
0
0
0
0
0
0
0
0
0
0
0
0
0
0
0
0
0
0
0
0
0
0
0
0
0
0
0
0
0
0
0
0
0
0
0
0
0
0
0
0
0
0
0
0
0
0
0
0
0
0
0
0
0
0
0
0
0
0
0
0
0
0
0
0
0
0
0
0
0
0
0
0
0
0
0
0
0
0
0
0
0
0
0
0
0
0
0
0
0
0
0
0
0
0
0
0
0
0
0
0
0
0
0
0
0
0
0
0
0
0
0
0
0
0
0
0
0
0
0
0
0
0
0
0
0
0
0
0
0
0
0
0
0
0
0
0
0
0
0
0
0
0
0
0
0
0
0
0
0
0
0
0
PWM set: 0
0
0
0
0
0
0
0
0
0
0
0
0
0
0
0
0
0
0
0
0
0
0
0
0
0
0
0
0
0
0
0
0
0
0
0
0
0
0
0
0
0
0
0
0
0
0
0
0
0
0
0
0
0
0
0
0
0
0
0
0
0
0
0
0
0
0
0
0
0
0
0
0
0
0
0
0
0
0
0
0
0
0
0
0
0
0
0
0
0
0
0
0
0
0
0
0
0
0
0
0
0
0
0
0
0
0
0
0
0
0
0
0
0
0
0
0
0
0
0
0
0
0
0
0
0
0
0
0
0
0
0
0
0
0
0
0
0
0
0
0
0
0
0
0
0
0
0
0
0
0
0
0
0
0
0
0
0
0
0
0
0
0
0
0
0
0
0
0
0
0
0
0
0
0
0
0
0
0
0
0
0
0
0
0
0
0
0
0
0
0
0
0
0
0
0
0
0
0
0
0
0
0
0
0
0
0
0
0
0
0
0
0
0
0
0
0
0
0
0
0
0
0
0
0
0
0
0
0
0
0
0
0
0
0
0
0
0
0
0
0
0
0
0
0
0
0
0
0
0
0
0
PWM set: 20
0
0
0
0
0
0
0
0
0
0
0
0
0
0
0
0
0
0
0
0
0
0
0
0
0
0
0
0
0
0
0
0
0
0
0
0
0
0
0
0
0
0
0
0
0
0
0
0
0
0
0
0
0
0
0
0
0
0
0
0
0
0
0
0
0
0
0
0
0
0
0
0
0
0
0
0
0
0
0
0
0
0
0
0
0
0
0
0
0
0
0
0
0
0
0
0
0
0
0
0
0
0
0
0
0
0
0
0
0
0
0
0
0
0
0
0
0
0
0
0
0
0
0
0
0
0
0
0
0
0
0
0
0
0
0
0
0
0
0
0
0
0
0
0
0
0
0
0
0
0
0
0
0
0
0
0
0
0
0
0
0
0
0
0
0
0
0
0
0
0
0
0
0
0
0
0
0
0
0
0
0
0
0
0
0
0
0
0
0
0
0
0
0
0
0
0
0
0
0
0
0
0
0
0
0
0
0
0
0
0
0
0
0
0
0
0
0
0
0
0
0
0
0
0
0
0
0
0
0
0
0
0
0
0
0
0
0
0
0
0
0
0
0
0
0
0
0
0
0
0
0
PWM set: 40
0
0
0
0
0
0
0
0
0
0
0
0
0
0
0
0
0
0
0
0
0
0
0
0
0
0
0
0
0
0
0
0
0
0
0
0
0
0
0
0
0
0
0
0
0
0
0
0
0
0
0
0
0
0
0
0
0
0
0
0
0
0
0
0
0
0
0
0
0
0
0
0
0
0
0
0
0
0
0
0
0
0
0
0
0
0
0
0
0
0
0
0
0
0
0
0
0
0
0
0
0
0
0
0
0
0
0
0
0
0
0
0
0
0
0
0
0
0
0
0
0
0
0
0
0
0
0
0
0
0
0
0
0
0
0
0
0
0
0
0
0
0
0
0
0
0
0
0
0
0
0
0
0
0
0
0
0
0
0
0
0
0
0
0
0
0
0
0
0
0
0
0
0
0
0
0
0
0
0
0
0
0
0
0
0
0
0
0
0
0
0
0
0
0
0
0
0
0
0
0
0
0
0
0
0
0
0
0
0
0
0
0
0
0
0
0
0
0
0
0
0
0
0
0
0
0
0
0
0
0
0
0
0
0
0
0
0
0
0
0
0
0
0
0
0
0
0
0
0
0
0
PWM set: 60
12366
14504
12180
15158
12102
18486
15421
36007
14678
18811
12411
19204
13494
15886
11809
13892
13200
18249
13566
17271
13016
19586
15744
30056
17048
35334
21169
0
0
17845
0
0
0
14964
20109
12878
21642
13562
16305
12574
17378
13852
24084
13987
16672
12179
23338
17213
46354
17433
34924
17538
33389
17277
26758
14779
21613
12757
16005
12480
26211
17694
26586
14434
20535
12841
23231
14102
20373
13354
31035
18358
32973
17861
36824
18692
0
0
0
0
0
25556
0
0
20765
31631
18564
41222
17963
20767
12581
18332
12959
28486
15315
24819
13847
30564
18501
0
15815
22736
14543
48833
19269
42012
22087
27019
16306
22959
12709
19134
13535
19159
12179
16240
13140
27180
16462
21836
14002
26150
16652
32029
17084
26952
19838
43371
0
22807
16636
20726
12866
16098
11243
14223
12065
15682
11753
15387
12591
19844
15348
18951
12469
18071
13066
22111
13325
15927
11955
17780
13187
17633
13003
16026
11889
15265
11018
15357
12753
16949
12087
16227
13245
20050
14525
18059
11988
16628
12260
22234
14683
18280
12771
17211
12796
15142
11513
13121
10449
12410
10093
12315
10608
11709
9409
9587
9547
10845
10690
12441
9894
11201
9680
11482
9966
10216
9561
10508
10218
11566
10579
11856
10168
12291
9490
10838
9282
9941
9581
9787
9780
11772
11280
12723
10127
11274
9771
11364
9569
9181
9024
9854
9575
10249
10299
10844
9252
9832
8798
9471
9399
10235
9661
9664
9528
10204
9213
9283
8411
8957
8856
11026
10421
10492
9699
10660
9860
11392
10366
PWM set: 80
4309
4742
4757
4678
4418
4424
4341
4238
4208
4318
4261
4462
4235
4416
4436
4480
4321
4270
4173
4273
4182
4313
4427
4232
4254
4238
4300
4184
4296
4397
4604
4522
4492
4344
4272
4301
4385
4193
4260
4387
4507
4286
4305
4342
4344
4266
4256
4220
4423
4556
4428
4394
4207
4318
4190
4355
4679
4804
4737
4426
4411
4385
4345
4288
4365
4324
4533
4366
4571
4531
4361
4398
4346
4363
4430
4626
4414
4455
4664
4825
4798
4497
4442
4443
4519
4504
4501
4347
4553
4398
4600
4547
4448
4540
4455
4403
4391
4522
4393
4524
4366
4722
4779
4674
4384
4448
4497
4532
4451
4446
4280
4414
4529
4650
4559
4617
4467
4364
4385
4543
4491
4591
4342
4582
4628
4421
4462
4548
4589
4449
4376
4198
4355
4535
4505
4382
4479
4332
4229
4338
4257
4326
4358
4526
4344
4339
4256
4285
4170
4360
4516
4374
4347
4294
4227
4312
4266
4365
4350
4570
4436
4430
4362
4374
4375
4349
4138
4297
4442
4422
4275
4383
4354
4234
4338
4365
4428
4337
4469
4285
4312
4343
4408
4453
4194
4294
4444
4488
4344
4416
4427
4373
4314
4355
4274
4394
4356
4625
4502
4442
4346
4346
4329
4321
4221
4533
4470
4315
4471
4451
4311
4277
4412
4357
4488
4460
4635
4432
4364
4180
4275
4145
4257
4378
4414
4293
4382
4448
4469
4459
4505
4402
4566
4294
4521
4638
4472
4444
4392
4419
4487
4572
4322
4371
4561
4657
4655
4510
4624
4713
4635
PWM set: 100
2940
2981
2926
2858
2813
2876
2820
2946
2826
3049
3105
3107
2968
2976
2929
2898
2895
2886
2860
3087
2878
2916
2855
2857
2879
3089
2940
2936
2905
2879
2800
3008
2898
3008
2945
2958
2933
3140
3013
3009
2988
2979
2914
3180
3011
3044
2987
2979
3016
3261
3145
3132
3049
2994
2956
3246
3048
3052
2976
3018
3054
3193
3003
3041
3020
3034
2928
3136
3006
3050
3053
3027
2950
3094
2982
3074
3038
3025
2881
3121
3034
3105
3049
2971
2877
3057
3000
3100
3006
2929
2877
3149
3025
3025
3001
2981
2924
3151
3125
3125
2948
2988
2926
3196
3077
3109
3027
2960
2943
3240
3096
3043
2957
2983
2921
3098
2936
2959
2991
2985
2921
3096
2943
3097
3068
3038
2860
3036
2973
3066
3099
2986
2862
3072
3008
3057
2881
2804
2783
3076
2986
2958
2907
2845
2776
3079
2965
2970
2856
2877
2861
3094
2965
2958
2888
2838
2831
3105
2956
2930
2835
2830
2772
2949
2853
2881
2847
2834
2753
2953
2789
2831
2763
2732
2674
2893
2851
2863
2763
2694
2650
2896
2782
2846
2759
2702
2653
2906
2843
2854
2730
2704
2675
2913
2760
2784
2708
2712
2693
2851
2748
2794
2747
2711
2648
2934
2805
2778
2732
2730
2700
2921
2859
2891
2768
2752
2687
2878
2708
2767
2755
2713
2711
2936
2839
2863
2783
2758
2659
2888
2798
2848
2763
2716
2700
2992
2926
2941
2786
2742
2707
2956
2798
2742
2682
2700
2736
2943
2776
2755
2664
PWM set: 120
2205
2184
2170
2216
2150
2201
2091
2241
2280
2280
2189
2232
2202
2168
2117
2144
2082
2072
2247
2149
2189
2127
2126
2088
2293
2186
2187
2130
2120
2108
2252
2144
2173
2136
2153
2105
2268
2174
2227
2212
2185
2122
2286
2210
2301
2234
2190
2139
2317
2226
2249
2196
2154
2129
2302
2212
2260
2158
2111
2073
2260
2196
2207
2131
2111
2088
2285
2196
2220
2131
2121
2103
2294
2204
2201
2160
2158
2141
2298
2161
2191
2136
2146
2128
2281
2160
2204
2172
2166
2116
2279
2167
2202
2123
2104
2066
2230
2178
2206
2141
2093
2033
2214
2143
2209
2137
2097
2054
2251
2206
2230
2136
2097
2069
2293
2208
2218
2117
2073
2072
2262
2169
2164
2098
2099
2078
2281
2176
2191
2118
2120
2121
2275
2154
2174
2117
2107
2046
2205
2104
2129
2101
2080
2045
2211
2140
2171
2099
2080
2034
2220
2118
2156
2111
2107
2094
2248
2143
2148
2056
2044
2040
2259
2191
2194
2120
2102
2090
2259
2144
2151
2078
2085
2056
2230
2109
2126
2071
2048
2019
2166
2062
2110
2065
2073
2042
2188
2091
2127
2098
2074
2021
2169
2067
2103
2012
2009
1986
2165
2069
2084
2026
2013
1992
2159
2049
2052
1995
2003
1986
2142
2046
2057
1994
1979
1956
2108
1989
2020
1971
1997
1973
2094
1967
1983
1949
1953
1923
2058
1960
2012
1987
2001
1957
2086
1999
2032
1992
1964
1891
2053
1982
2070
2045
2026
1971
2123
2048
2082
2021
1990
PWM set: 140
1597
1633
1593
1642
1561
1668
1683
1664
1597
1630
1624
1600
1576
1602
1565
1619
1548
1678
1617
1647
1599
1584
1550
1672
1585
1606
1542
1540
1533
1678
1620
1628
1561
1553
1533
1673
1593
1602
1555
1556
1553
1681
1584
1589
1543
1548
1525
1640
1539
1566
1526
1536
1522
1638
1555
1581
1545
1551
1523
1632
1548
1573
1536
1534
1511
1625
1549
1575
1531
1525
1489
1618
1546
1569
1523
1515
1497
1622
1552
1583
1541
1534
1516
1647
1567
1584
1541
1546
1542
1663
1577
1593
1535
1544
1523
1643
1553
1566
1529
1536
1531
1659
1578
1604
1570
1583
1567
1698
1610
1624
1584
1580
1554
1664
1570
1607
1570
1576
1555
1683
1603
1623
1581
1574
1543
1662
1594
1635
1598
1602
1575
1691
1604
1620
1577
1573
1551
1685
1606
1635
1593
1600
1577
1701
1617
1644
1614
1607
1585
1718
1644
1686
1640
1640
1616
1743
1665
1693
1656
1663
1646
1796
1716
1748
1695
1684
1659
1785
1714
1739
1705
1695
1677
1823
1738
1763
1698
1687
1666
1801
1725
1761
1722
1728
1707
1848
1753
1775
1719
1704
1675
1788
1701
1727
1692
1698
1678
1808
1718
1744
1695
1681
1649
1792
1745
1796
1750
1742
1708
1853
1769
1796
1732
1708
1703
1855
1807
1835
1764
1743
1711
1865
1778
1793
1735
1733
1738
1896
1814
1814
1734
1725
1702
1847
1752
1763
1724
1721
1717
1853
1753
1765
1712
1714
1678
1796
1700
1728
1699
1691
1660
PWM set: 160
1274
1315
1255
1336
1348
1325
1268
1294
1286
1268
1260
1293
1275
1322
1266
1353
1371
1336
1300
1339
1368
1334
1305
1354
1392
1358
1320
1354
1406
1387
1346
1380
1424
1391
1342
1375
1422
1390
1349
1399
1448
1412
1384
1372
1455
1461
1427
1386
1439
1487
1417
1414
1434
1392
1504
1473
1451
1422
1394
1481
1455
1422
1424
1506
1517
1495
1442
1471
1485
1442
1466
1461
1473
1532
1466
1458
1458
1403
1518
1484
1455
1436
1411
1515
1479
1417
1407
1486
1499
1469
1428
1467
1491
1425
1442
1423
1445
1508
1451
1450
1458
1389
1501
1450
1419
1401
1390
1491
1465
1396
1386
1458
1463
1423
1386
1442
1493
1423
1418
1428
1374
1477
1432
1412
1399
1383
1467
1435
1373
1364
1427
1380
1410
1409
1360
1468
1424
1385
1350
1415
1378
1406
1394
1344
1429
1385
1353
1316
1429
1387
1374
1325
1410
1368
1372
1354
1458
1401
1344
1370
1396
1358
1332
1393
1423
1369
1317
1350
1396
1367
1332
1372
1403
1357
1306
1343
1399
1370
1326
1364
1399
1353
1304
1343
1389
1349
1309
1361
1396
1350
1303
1355
1403
1360
1315
1349
1375
1332
1292
1336
1388
1353
1316
1355
1390
1349
1310
1356
1398
1358
1315
1350
1385
1346
1299
1344
1382
1337
1299
1344
1396
1372
1336
1371
1390
1343
1306
1340
1383
1358
1310
1345
1386
1352
1305
1344
1396
1360
1309
1347
1384
1342
1297
1335
1381
1338
1287
1331
1373
1329
1292
PWM set: 180
1118
1104
1123
1100
1133
1081
1151
1164
1147
1100
1123
1119
1102
1093
1120
1105
1145
1186
1147
1105
1134
1162
1128
1101
1145
1177
1135
1095
1126
1158
1130
1097
1130
1160
1124
1086
1116
1159
1136
1101
1137
1169
1128
1082
1118
1168
1136
1100
1136
1164
1118
1082
1125
1173
1141
1108
1138
1166
1124
1098
1140
1171
1131
1086
1112
1136
1114
1092
1128
1162
1125
1084
1118
1156
1134
1098
1131
1163
1122
1078
1110
1148
1121
1084
1122
1163
1130
1097
1135
1177
1146
1105
1136
1173
1135
1099
1137
1177
1152
1113
1144
1181
1145
1115
1152
1191
1159
1115
1148
1180
1145
1117
1155
1196
1157
1115
1151
1188
1160
1130
1166
1207
1171
1128
1161
1202
1175
1138
1171
1210
1175
1132
1167
1209
1179
1135
1165
1206
1168
1127
1171
1218
1185
1141
1178
1217
1168
1131
1173
1208
1171
1134
1174
1205
1169
1139
1176
1211
1174
1129
1158
1194
1162
1129
1163
1195
1159
1112
1141
1186
1163
1131
1172
1213
1174
1127
1169
1215
1174
1131
1159
1191
1147
1112
1158
1193
1155
1119
1149
1178
1136
1101
1138
1175
1142
1105
1135
1165
1129
1096
1140
1183
1151
1114
1142
1178
1148
1111
1149
1185
1145
1105
1134
1167
1135
1099
1135
1164
1128
1090
1123
1158
1133
1102
1137
1167
1126
1083
1120
1167
1143
1110
1139
1169
1130
1098
1138
1175
1135
1090
1119
1147
1117
1092
1131
1161
1117
1073
1104
1137
1114
PWM set: 200
995
1014
1010
992
981
1000
981
1011
963
1026
1038
1025
985
1007
1006
991
980
982
1033
995
994
980
1030
993
1002
992
1041
1002
1000
987
1036
998
998
984
1031
992
989
985
1047
1013
1014
1000
1051
1007
1008
1003
1054
1008
997
1028
1052
1023
998
1034
1071
1042
1012
1040
1065
1034
1003
1035
1068
1039
1007
1028
1045
1023
1015
984
1052
1027
1011
981
1049
1028
1020
984
1043
1009
996
964
1029
1010
1004
969
1031
1012
1009
979
1045
1023
1007
964
1027
1010
1005
977
1046
1020
1002
965
1034
1018
1015
985
1052
1024
1008
970
1034
1014
1007
971
1033
1006
987
950
1017
997
992
962
1030
1004
991
962
1030
1005
991
951
1009
976
958
930
997
977
970
941
1005
984
978
951
1014
989
979
941
1001
978
968
935
993
970
958
928
998
982
975
944
1003
975
960
930
998
974
964
936
1000
974
967
941
1008
983
974
942
1000
973
966
935
999
975
966
931
990
975
975
949
1017
992
980
943
1008
990
983
954
1014
987
970
935
1004
989
986
954
1008
975
965
936
1005
988
979
940
995
967
960
930
998
981
967
931
991
972
966
938
1006
983
971
939
997
977
971
939
1004
981
973
939
1001
982
973
942
1004
983
973
938
1001
983
972
937
998
976
962
932
1002
PWM set: 220
895
885
851
869
867
852
842
856
843
870
832
886
900
890
855
873
871
857
846
873
900
870
842
872
905
880
854
883
914
887
860
891
922
896
870
900
926
896
870
902
930
903
876
902
928
903
882
912
939
911
881
902
930
905
878
907
937
912
885
912
947
921
893
919
948
920
892
921
954
926
897
927
956
926
902
934
963
935
902
926
949
919
893
917
943
914
883
907
933
909
885
913
944
914
879
900
929
903
874
900
926
896
863
888
918
893
868
893
917
882
850
876
905
882
855
879
905
873
845
875
904
877
850
878
908
881
853
880
905
872
841
863
887
858
832
860
888
860
833
855
879
853
843
818
872
854
839
811
866
846
835
867
836
831
822
869
840
840
831
873
836
822
853
880
852
826
853
877
848
825
818
872
854
845
815
870
854
846
820
874
855
844
869
838
837
828
873
844
846
841
890
861
863
854
896
861
856
850
897
866
873
868
913
879
880
874
920
887
889
877
918
883
883
875
921
890
894
885
929
895
899
891
941
907
908
894
936
904
906
897
941
906
908
896
942
909
910
901
943
908
905
892
938
902
902
890
935
899
897
888
938
PWM set: 240
752
802
811
799
768
783
779
766
758
771
759
784
750
800
810
802
771
787
784
774
798
769
768
788
816
790
777
750
796
765
759
805
779
756
743
792
766
758
798
784
761
783
800
783
772
795
763
749
771
798
774
769
797
766
762
777
801
774
766
743
759
759
776
801
778
769
743
761
761
751
797
773
759
734
756
756
747
799
777
765
744
795
766
758
806
781
754
743
790
759
751
790
776
754
744
795
781
760
795
766
756
779
798
781
772
796
765
764
780
808
782
772
748
770
770
761
809
783
754
743
793
767
758
797
780
753
742
796
783
759
800
767
752
777
793
776
768
794
763
756
782
809
784
777
751
768
767
757
804
781
768
742
791
766
757
808
785
758
744
795
780
756
797
778
749
772
790
774
753
792
757
747
774
790
774
766
789
758
752
778
803
777
767
788
757
757
774
801
775
765
738
756
755
771
795
770
757
734
754
756
772
796
770
758
736
757
758
750
799
772
759
733
751
751
742
791
768
762
739
759
759
750
797
775
767
744
792
762
751
800
781
759
748
796
780
756
795
783
760
785
805
788
779
809
782
783
797
824
796
782
760
PWM set: 260
716
685
730
739
727
699
713
710
695
689
700
688
711
680
725
735
725
697
694
686
727
699
682
719
706
698
677
695
689
679
722
694
702
724
699
680
725
703
692
716
693
688
678
694
690
702
714
698
679
722
696
689
716
705
697
675
692
685
673
715
685
696
706
693
676
724
701
693
718
708
688
678
692
681
703
719
691
686
734
709
702
728
716
695
683
699
697
713
730
704
698
745
721
715
741
714
706
694
740
712
705
752
726
721
745
718
710
700
744
714
706
755
730
722
747
720
709
703
752
723
715
761
734
722
746
716
706
729
742
715
711
757
734
725
700
717
711
736
753
738
716
752
739
717
707
726
722
735
759
733
727
753
736
711
701
745
718
711
757
730
724
748
721
712
734
745
718
710
757
733
721
744
716
708
731
744
715
706
751
727
716
740
714
707
729
744
719
711
755
729
713
736
709
702
724
737
707
699
746
721
712
732
715
694
683
700
697
708
720
706
689
736
714
702
721
697
688
675
693
691
704
721
708
688
735
713
700
724
712
689
679
694
693
708
722
706
686
729
703
695
718
706
683
670
688
682
704
719
692
684
730
PWM set: 280
672
662
639
652
651
639
632
641
630
648
620
659
667
659
634
647
642
631
640
627
615
606
623
615
606
621
613
643
633
624
644
629
619
650
630
614
654
633
615
656
634
633
644
618
630
642
619
604
623
617
609
626
617
607
623
615
645
633
622
643
632
625
658
637
620
662
637
619
658
635
622
666
643
647
659
635
649
662
636
647
661
638
653
668
643
659
676
653
666
679
650
664
678
664
647
692
667
650
694
671
653
693
669
653
688
677
669
690
679
672
695
683
662
650
666
658
649
667
665
676
689
662
675
685
655
666
678
651
665
688
664
648
690
666
645
684
658
637
679
656
637
679
655
637
679
655
637
678
654
636
675
652
630
672
651
632
673
648
626
666
642
621
661
634
634
647
622
637
650
626
639
652
626
609
623
615
607
625
620
610
630
623
654
642
628
647
633
623
646
636
618
662
642
625
668
643
625
665
642
623
663
641
625
661
639
655
669
645
661
674
659
641
684
662
645
690
667
648
692
668
649
693
669
651
686
676
669
693
682
673
697
671
662
653
667
659
650
669
669
682
694
669
685
697
682
661
702
679
660
702
681
PWM set: 300
600
599
588
582
590
581
599
573
610
619
610
587
599
597
585
578
588
569
584
578
608
597
577
616
594
593
604
572
566
593
585
605
592
578
609
585
596
581
573
602
591
582
610
591
594
606
578
569
583
586
605
593
575
612
581
593
581
574
565
592
584
612
591
594
606
583
569
585
588
608
598
578
617
586
599
611
580
571
587
591
612
600
580
620
588
599
610
578
572
600
592
612
598
580
619
586
596
582
576
568
597
590
620
601
584
615
590
599
588
579
571
598
588
619
597
581
610
584
596
583
577
606
596
588
618
597
598
607
583
566
580
580
599
587
569
608
577
589
578
573
601
588
569
606
586
589
600
573
565
592
582
606
582
565
594
571
557
571
576
597
585
569
597
573
557
570
572
591
582
568
601
578
565
579
571
600
588
571
610
579
594
581
576
568
593
585
613
594
579
611
591
604
595
590
581
609
596
617
605
589
630
599
612
625
600
586
600
593
623
613
604
624
613
597
637
616
617
627
601
612
601
594
584
611
602
622
610
589
628
607
610
619
593
579
596
590
619
605
594
624
604
586
615
590
603
592
586
577
602
591
611
PWM set: 320
569
561
540
551
550
539
534
543
534
551
527
562
570
563
541
554
551
535
563
538
531
556
538
574
546
533
560
551
579
549
560
550
552
572
560
563
574
547
541
568
550
584
553
539
553
556
583
563
565
576
549
578
569
548
576
551
537
552
556
584
565
570
560
554
580
568
550
577
556
542
557
560
587
566
565
576
548
577
566
548
576
556
543
557
556
581
561
562
550
543
571
559
543
569
543
535
560
542
575
545
530
555
546
572
544
554
542
542
567
547
548
539
540
568
549
550
539
541
559
547
548
535
529
557
547
548
539
532
559
548
547
557
531
559
547
530
558
530
557
545
529
557
531
559
547
532
558
531
557
546
530
557
532
558
548
531
558
531
523
548
532
559
533
526
551
534
558
535
522
547
531
558
538
526
550
532
564
533
522
548
543
568
541
528
540
541
564
534
519
534
536
562
532
520
534
535
559
530
517
540
533
560
532
518
539
520
544
522
507
531
516
543
518
544
534
535
523
516
542
531
535
527
531
558
531
540
527
528
552
524
512
536
521
550
529
515
537
519
543
517
545
537
524
551
526
553
543
528
555
527
555
PWM set: 340
539
532
512
521
520
510
505
513
505
521
498
531
538
531
512
524
521
521
510
511
534
506
493
514
515
505
506
527
499
486
510
491
496
496
518
490
478
501
503
495
498
521
489
515
503
502
494
489
513
488
513
502
479
502
486
511
489
522
495
485
509
491
516
492
525
499
489
514
499
524
500
527
516
518
509
512
530
505
531
520
522
514
516
541
516
505
519
521
547
520
506
531
513
540
514
541
528
530
520
524
548
529
531
521
524
548
521
509
534
516
542
515
540
526
508
515
509
537
525
526
518
520
544
514
500
526
508
534
508
534
521
521
509
511
535
507
495
519
503
508
508
529
499
486
510
494
519
495
527
499
487
509
492
515
491
525
499
487
509
493
515
490
520
492
482
506
491
498
501
525
496
483
505
502
493
497
523
496
485
504
504
494
497
519
487
513
504
503
493
488
511
487
514
504
505
507
491
514
490
514
504
482
508
493
517
492
526
498
486
510
494
521
497
522
511
489
512
493
517
494
520
509
508
511
494
519
493
521
511
513
504
499
523
496
521
510
511
502
505
528
501
523
512
510
501
504
529
500
489
513
511
PWM set: 360
461
490
496
489
472
482
479
470
466
474
465
480
459
489
496
489
481
482
474
470
494
471
501
476
494
483
486
490
473
497
484
507
480
498
488
489
490
473
498
483
505
476
494
484
463
483
467
475
479
495
471
494
474
462
482
483
475
469
492
477
498
471
489
480
460
481
481
473
476
488
465
493
467
485
475
454
476
473
465
459
485
469
491
463
486
466
456
476
476
476
459
464
467
480
457
487
461
479
471
450
473
471
472
457
464
468
483
461
492
467
486
477
457
478
462
468
471
487
466
497
473
492
483
485
487
471
478
482
503
474
497
487
467
490
473
481
483
507
476
501
491
471
493
477
484
488
510
484
503
491
491
492
476
502
487
510
484
503
491
491
481
477
500
477
509
482
470
488
489
481
476
499
477
508
480
467
483
483
474
467
491
477
500
473
492
482
461
482
480
471
476
491
468
496
468
484
474
455
478
478
471
474
488
464
490
464
484
475
457
480
479
468
460
483
468
490
461
485
466
454
473
474
474
458
465
469
484
462
491
464
481
471
452
474
475
466
460
484
469
490
461
485
468
458
477
479
479
461
465
468
484
PWM set: 380
437
445
444
436
431
438
431
444
424
452
458
451
435
444
442
434
442
442
443
444
430
436
430
435
428
434
430
436
432
455
442
457
443
459
438
467
440
468
444
462
446
466
457
440
460
463
464
465
457
451
457
460
478
456
485
460
480
462
450
468
470
470
453
460
462
477
461
480
451
478
452
470
462
443
461
463
462
462
452
446
451
453
465
450
463
442
468
439
467
443
460
442
458
437
424
443
423
441
423
442
424
442
423
443
442
444
444
446
445
445
443
444
429
435
430
436
431
438
432
438
438
453
439
455
441
458
438
466
440
468
441
463
448
466
456
436
455
437
458
459
462
447
454
447
471
456
472
451
480
452
472
454
444
464
444
467
467
459
453
458
460
474
452
480
452
472
454
472
461
440
460
462
463
447
454
445
451
451
466
451
473
444
471
448
464
445
463
453
434
452
433
453
452
448
447
446
447
439
435
443
436
441
441
455
440
456
443
458
436
463
433
460
431
458
433
454
437
454
436
451
433
451
435
425
444
426
444
424
442
424
443
442
444
444
443
443
443
445
446
447
439
433
438
431
437
431
437
440
455
441
456
PWM set: 400
434
432
425
420
427
420
433
413
442
448
441
425
435
432
426
422
414
432
413
432
413
430
411
429
437
421
438
421
437
421
439
422
438
422
437
420
437
421
445
419
445
420
447
420
447
421
447
421
448
423
448
424
452
425
452
426
454
427
454
432
449
432
449
432
450
434
452
435
451
434
423
442
422
439
422
441
419
438
419
438
420
440
423
444
443
442
441
440
441
441
440
440
439
439
436
437
439
440
425
431
424
428
420
425
419
424
420
435
434
433
431
432
431
431
434
435
434
433
431
429
428
430
431
431
431
433
431
429
408
426
410
428
412
430
412
431
414
433
415
434
416
434
414
433
416
435
418
437
421
439
422
440
421
441
443
445
444
445
445
445
444
446
432
439
432
438
433
438
431
454
440
454
440
454
440
454
434
462
436
463
434
462
438
454
438
454
437
453
444
427
444
427
445
427
446
445
444
442
439
437
437
437
437
439
439
439
437
435
435
435
437
437
437
435
434
432
431
431
434
434
434
433
432
430
430
430
432
432
433
433
434
432
430
412
431
412
430
411
429
411
429
411
430
413
432
413
430
412
429
411
431
Done!
