PWM set: -400
501
556
525
508
498
517
520
507
511
506
496
525
497
551
521
505
514
494
502
503
543
495
485
501
482
480
490
507
491
532
499
505
498
479
489
488
505
489
536
503
509
501
482
490
491
507
489
481
501
507
478
479
488
491
505
488
480
500
506
477
477
485
488
502
483
474
495
500
492
473
482
482
499
481
525
494
475
493
474
471
483
482
485
527
482
475
492
500
472
472
482
485
496
478
523
490
495
487
469
468
479
478
480
494
476
467
488
493
485
465
463
474
473
476
488
472
515
484
464
483
490
464
464
474
474
492
479
520
476
468
486
494
466
467
476
477
493
479
520
475
468
488
497
469
472
479
480
496
478
523
490
470
488
493
467
476
476
478
492
475
519
489
469
488
495
468
478
478
482
495
478
523
491
494
487
468
467
479
479
481
495
476
468
489
495
488
469
469
479
495
481
520
476
468
487
493
485
466
465
476
491
477
517
475
467
491
496
489
466
466
477
493
479
519
474
466
486
490
483
464
463
474
473
478
492
474
517
487
491
484
465
464
473
473
476
490
473
517
486
466
484
491
464
465
474
475
492
480
522
491
470
PWM set: -380
532
505
488
478
498
500
487
491
489
479
505
479
532
505
487
478
499
505
498
478
487
489
507
489
536
503
509
503
482
494
499
514
495
489
508
488
487
498
515
498
544
509
515
487
497
494
498
539
506
484
503
485
497
497
514
497
492
512
521
492
504
519
502
548
515
521
495
508
524
507
556
521
528
500
511
527
511
503
522
502
512
516
529
512
505
524
503
511
514
558
523
527
500
509
506
510
551
519
526
498
505
521
510
554
520
526
499
507
523
503
550
515
521
494
506
521
503
549
515
520
492
502
517
504
544
509
515
506
485
493
498
513
495
487
504
484
483
492
508
493
534
502
508
502
481
488
489
506
489
535
501
505
497
477
485
486
501
484
530
496
503
495
476
484
486
502
484
529
496
501
493
473
472
481
498
484
525
481
473
493
500
473
475
482
486
499
484
477
495
499
492
473
483
483
500
482
527
495
500
493
472
473
482
499
486
527
481
473
493
500
473
484
483
488
500
483
474
494
501
473
474
482
485
500
480
525
493
496
488
466
467
477
475
478
493
476
469
490
497
490
472
470
481
496
481
521
476
467
488
492
465
PWM set: -360
526
511
516
513
503
531
505
561
530
513
504
526
526
513
518
515
505
513
517
532
512
505
524
504
512
517
561
525
533
504
517
534
515
511
532
511
518
522
569
533
539
512
523
540
520
511
529
509
516
520
563
526
532
503
515
531
518
563
529
536
508
519
534
516
507
526
504
512
516
558
521
527
499
509
506
511
555
518
524
495
508
524
510
551
518
524
497
508
524
511
553
519
525
498
509
527
508
501
521
528
499
510
527
510
504
524
504
513
517
560
512
505
522
502
511
517
559
524
529
501
511
528
508
557
521
528
501
513
529
509
503
522
502
511
513
529
510
504
524
503
512
518
562
527
532
505
514
532
510
504
524
531
501
513
530
511
502
520
499
507
511
523
504
496
514
493
502
503
520
501
495
515
497
496
505
520
503
497
516
494
495
506
523
504
498
516
496
496
507
523
504
496
516
494
494
504
521
503
495
516
496
498
507
525
507
500
519
500
507
510
525
506
497
518
497
507
512
527
509
502
521
501
510
516
560
522
529
501
511
509
513
557
522
527
500
511
527
509
503
523
529
501
511
528
509
502
521
501
509
514
529
PWM set: -340
538
529
553
553
539
544
542
531
561
532
592
561
541
531
554
556
541
563
533
546
562
557
564
537
550
600
562
568
540
555
604
564
570
549
553
600
561
538
549
555
543
566
543
573
552
545
566
554
573
552
573
539
550
599
562
569
539
554
602
565
572
551
557
607
569
547
557
557
549
570
558
576
556
579
547
558
605
566
575
553
561
609
569
545
554
553
544
565
554
572
552
543
541
555
572
567
571
539
555
603
566
572
552
558
608
569
546
554
557
551
576
566
584
579
583
551
565
613
576
550
557
562
550
576
565
584
559
580
549
563
617
575
552
560
563
551
573
551
580
560
583
552
566
619
580
556
567
571
560
585
574
594
589
595
573
578
566
586
565
596
576
600
567
583
570
593
581
599
593
597
574
578
627
588
566
598
576
597
562
579
632
593
569
598
577
600
565
580
629
588
563
591
569
591
557
574
624
583
557
565
566
559
558
571
588
583
587
564
566
551
573
548
577
556
548
545
558
576
571
578
545
560
607
568
544
553
560
548
568
544
574
555
549
548
559
578
570
574
543
554
604
567
572
551
555
604
564
542
550
555
543
PWM set: -320
633
599
578
568
592
595
578
583
582
569
601
569
634
599
579
568
595
586
635
594
569
599
578
599
578
584
572
596
584
603
599
603
581
585
572
598
587
639
597
571
578
580
572
569
583
635
596
573
580
581
572
571
586
638
596
572
601
581
603
572
587
638
597
573
605
598
604
582
586
572
594
582
600
594
601
578
583
569
592
581
598
594
599
577
581
566
587
578
598
593
599
576
583
572
571
586
639
598
575
584
586
578
576
594
649
607
584
614
607
613
590
596
583
581
599
655
614
590
620
613
623
599
598
588
585
603
656
614
601
618
614
589
598
599
622
588
606
590
613
601
658
617
590
620
598
619
597
603
591
591
605
659
615
589
619
613
616
593
592
585
584
596
649
606
582
610
588
610
586
592
579
602
591
645
605
579
587
587
577
575
590
640
596
573
601
580
602
569
582
634
594
569
599
579
602
569
585
569
588
577
596
575
597
563
579
628
587
564
592
571
593
561
576
626
585
562
571
571
565
562
577
630
591
565
573
575
567
564
578
631
591
566
574
575
566
564
578
632
591
565
575
576
569
566
581
635
598
573
581
580
569
PWM set: -300
609
678
640
618
606
634
635
617
622
620
607
640
609
676
639
616
604
634
607
638
616
640
616
618
644
609
626
612
609
627
681
635
622
678
635
610
641
636
610
641
620
642
618
621
643
620
626
613
609
628
615
612
627
686
641
629
684
637
611
644
641
616
649
644
648
626
629
652
628
628
652
617
633
619
615
632
619
616
634
691
644
632
690
645
633
690
645
621
652
648
620
651
645
617
627
627
650
627
627
652
628
628
618
614
632
617
614
632
618
644
632
689
643
630
685
639
617
649
645
618
650
643
618
630
634
660
637
637
661
637
636
661
636
635
659
624
639
625
622
639
628
624
642
628
623
641
698
651
638
693
647
635
692
646
634
689
645
619
652
649
622
654
647
619
627
625
648
623
623
647
610
627
613
613
635
624
620
637
692
649
637
695
651
636
693
646
630
649
643
615
646
641
614
645
623
647
623
624
650
630
636
623
622
640
626
623
640
624
620
635
689
643
630
685
639
629
686
644
617
650
646
619
652
648
619
630
632
655
631
631
659
639
640
666
641
639
665
631
651
639
634
651
637
633
649
632
628
647
632
631
649
PWM set: -280
708
707
694
733
695
775
733
708
696
728
729
711
717
714
699
736
697
776
694
711
737
712
732
700
740
732
717
785
702
719
703
716
717
707
747
741
726
796
713
738
725
734
738
729
767
759
743
727
725
742
773
777
773
753
820
729
745
769
744
766
734
820
766
753
736
747
748
736
774
764
748
733
728
744
773
771
764
746
815
730
752
777
746
770
741
825
767
756
735
743
743
730
764
755
743
726
721
736
761
758
750
732
796
742
727
709
718
716
740
738
728
698
776
722
708
694
690
713
737
706
706
693
726
724
697
776
726
712
696
694
716
737
710
711
698
732
724
707
769
715
703
685
683
705
728
701
701
691
727
721
708
772
719
706
691
687
705
725
696
695
722
721
715
684
718
707
694
756
706
694
678
674
693
712
683
683
704
676
678
667
704
700
669
703
693
681
744
698
686
748
667
684
670
665
686
707
683
684
712
685
706
679
715
709
678
754
705
690
751
669
687
671
669
688
711
684
682
708
681
682
671
705
698
671
705
697
684
745
696
684
670
666
686
669
666
687
708
681
682
708
685
706
678
713
709
691
752
702
692
756
675
PWM set: -260
734
768
772
750
755
754
738
780
739
822
777
749
734
766
769
747
753
751
777
778
772
755
824
734
755
779
751
773
739
821
765
754
739
750
753
741
778
769
757
744
741
759
746
783
776
763
748
744
758
786
786
781
765
750
745
759
785
783
778
763
835
744
764
789
759
785
772
840
750
770
789
785
780
765
835
749
773
793
790
786
770
843
757
774
801
799
793
774
763
762
777
765
804
790
775
761
772
771
757
794
784
771
752
762
761
748
785
777
764
748
744
756
782
782
779
763
832
745
763
785
758
781
747
829
773
758
740
752
753
738
775
765
751
741
744
762
748
784
771
751
735
735
751
779
774
764
746
812
728
749
771
740
760
728
807
754
742
726
736
738
726
764
758
740
808
723
742
764
737
756
725
809
756
744
728
725
739
769
768
761
741
806
719
740
763
735
755
723
760
754
744
729
726
739
767
763
755
738
802
719
741
729
740
743
730
768
759
748
736
732
746
772
769
762
745
814
729
748
770
740
763
734
818
767
756
740
751
755
745
784
776
761
744
741
758
787
784
777
757
824
738
761
785
758
780
746
830
777
764
787
756
PWM set: -240
850
820
805
841
845
822
827
827
811
853
810
900
850
820
804
839
842
819
827
852
850
837
820
801
812
839
826
815
809
826
813
898
801
831
861
862
853
839
861
825
849
831
817
829
831
816
906
811
827
816
859
848
836
860
858
848
830
815
828
852
833
909
814
833
822
910
812
837
864
862
850
834
856
822
848
829
815
826
827
816
908
817
834
821
862
851
833
858
858
851
830
814
823
847
812
901
807
825
815
859
851
839
863
864
850
830
815
828
856
838
824
821
838
824
917
820
839
828
870
858
846
868
868
858
847
828
842
866
846
830
844
873
850
833
825
839
828
927
830
847
836
928
828
849
877
878
864
847
873
868
854
839
823
836
862
844
825
838
843
832
925
828
845
828
919
821
842
866
863
848
830
853
822
848
833
820
833
855
818
906
810
828
822
915
857
849
876
874
864
848
872
869
860
840
821
831
854
834
909
814
834
823
916
819
843
869
867
856
844
863
859
850
831
815
828
854
835
909
814
833
824
918
825
848
870
868
859
845
872
870
860
838
820
828
853
833
910
814
830
815
902
844
832
856
851
842
829
815
833
864
846
PWM set: -220
997
996
979
1035
983
1090
1030
993
976
1021
1025
1000
1010
1008
987
1037
984
1033
1023
1007
1034
993
1021
997
973
986
1012
987
971
983
1011
990
968
978
1005
986
971
980
1010
986
962
971
1001
985
972
981
1016
991
964
974
1006
982
962
975
1008
980
959
974
1004
982
965
979
1009
984
965
980
1007
984
971
984
1015
991
974
990
1019
994
971
978
1009
989
976
995
1031
1008
983
992
1023
993
977
1000
1033
1011
992
1008
1038
1012
996
1012
1041
1018
1004
1019
1054
1029
1012
1005
1025
1011
1129
1007
1029
1011
1123
1007
1031
1013
1131
1012
1041
1075
1076
1071
1052
1084
1081
1061
1043
1078
1071
1058
1045
1079
1074
1055
1039
1070
1064
1053
1037
1066
1060
1048
1024
1008
1018
1050
1027
1006
1018
1018
996
1114
994
1006
985
1088
968
986
972
1086
967
980
962
1061
939
959
948
1059
947
966
951
1051
938
960
946
1055
942
963
943
1045
936
959
945
1053
943
963
944
1047
938
954
936
1040
927
943
929
1033
928
949
935
1042
930
951
935
1040
933
952
936
1038
925
946
929
1035
926
945
930
1034
921
941
925
1029
919
934
919
1024
916
935
920
1021
911
929
915
1016
912
931
915
1018
912
927
909
1007
898
912
891
993
890
908
897
1000
897
917
901
PWM set: -200
1036
1014
1069
1015
1128
1065
1027
1009
1054
1057
1027
1035
1033
1013
1068
1014
1029
1060
1038
1023
1035
1063
1041
1021
1033
1061
1040
1022
1033
1064
1040
1023
1035
1064
1042
1022
1030
1066
1043
1022
1035
1068
1043
1019
1031
1036
1019
1134
1019
1040
1022
1140
1019
1038
1020
1134
1017
1034
1014
1124
1004
1027
1013
1128
1010
1031
1013
1069
1067
1058
1089
1080
1062
1039
1058
1052
1046
1036
1067
1063
1050
1029
1003
1020
1052
1031
1014
1024
1050
1024
1003
1002
1026
1012
1130
1013
1032
1017
1133
1018
1040
1022
1137
1016
1032
1015
1130
1014
1040
1021
1135
1015
1034
1022
1083
1071
1056
1092
1092
1079
1063
1096
1088
1070
1052
1080
1077
1068
1056
1092
1092
1080
1065
1092
1089
1077
1057
1087
1082
1063
1040
1066
1067
1062
1056
1100
1106
1093
1075
1106
1100
1080
1064
1099
1092
1079
1068
1102
1099
1087
1076
1109
1105
1095
1085
1114
1112
1101
1087
1119
1118
1113
1102
1133
1130
1113
1096
1127
1127
1118
1105
1137
1135
1115
1100
1139
1131
1114
1101
1126
1116
1098
1086
1122
1118
1108
1095
1122
1115
1103
1093
1125
1117
1106
1086
1111
1108
1098
1086
1119
1114
1102
1082
1113
1109
1096
1082
1109
1095
1074
1057
1089
1087
1085
1081
1111
1106
1095
1078
1104
1101
1092
1080
1109
1105
1090
1070
1100
1097
1082
1063
1090
1083
1069
1054
1090
1088
1074
1061
1089
1083
PWM set: -180
1299
1229
1185
1166
1217
1228
1196
1208
1204
1184
1247
1186
1316
1246
1202
1181
1234
1228
1270
1266
1249
1234
1269
1262
1245
1232
1268
1265
1249
1238
1272
1265
1254
1247
1284
1286
1276
1255
1287
1279
1263
1242
1274
1269
1253
1235
1275
1270
1256
1243
1277
1268
1248
1235
1276
1274
1263
1251
1279
1264
1243
1222
1248
1242
1236
1226
1259
1258
1249
1230
1259
1247
1225
1199
1228
1225
1209
1191
1226
1222
1209
1196
1236
1233
1220
1204
1236
1227
1212
1199
1240
1240
1225
1206
1234
1231
1223
1213
1252
1254
1234
1212
1241
1236
1222
1199
1232
1231
1213
1193
1226
1227
1213
1200
1235
1230
1212
1198
1234
1229
1215
1197
1229
1223
1206
1189
1223
1228
1218
1198
1228
1220
1208
1195
1237
1246
1230
1206
1236
1224
1200
1182
1220
1226
1214
1210
1258
1246
1226
1212
1248
1243
1224
1206
1235
1227
1217
1205
1242
1241
1227
1217
1255
1251
1242
1223
1255
1251
1226
1207
1246
1238
1225
1207
1245
1244
1225
1212
1251
1242
1228
1214
1248
1240
1219
1209
1243
1238
1226
1210
1241
1235
1221
1209
1242
1236
1220
1200
1233
1229
1218
1204
1235
1230
1214
1195
1227
1216
1197
1185
1224
1231
1223
1213
1253
1239
1221
1201
1220
1209
1199
1191
1235
1237
1228
1211
1242
1239
1222
1204
1244
1239
1226
1207
1236
1232
1222
1210
1253
1249
1239
1217
1247
1243
1231
1220
1262
1257
1247
1225
1255
PWM set: -160
1458
1528
1451
1602
1511
1452
1428
1487
1497
1457
1469
1460
1436
1514
1439
1590
1502
1493
1470
1453
1446
1455
1500
1490
1458
1614
1468
1519
1488
1519
1593
1432
1515
1487
1542
1542
1471
1491
1488
1444
1506
1475
1446
1422
1424
1417
1458
1431
1472
1468
1465
1451
1434
1435
1433
1473
1437
1386
1513
1356
1401
1415
1402
1475
1477
1448
1423
1421
1444
1485
1475
1439
1604
1465
1516
1479
1525
1612
1459
1534
1502
1565
1655
1476
1553
1525
1577
1658
1516
1567
1544
1505
1505
1519
1573
1545
1541
1594
1597
1525
1602
1578
1524
1520
1588
1576
1543
1543
1605
1691
1550
1599
1564
1518
1522
1598
1517
1544
1543
1602
1686
1547
1582
1555
1519
1528
1604
1512
1585
1545
1605
1684
1532
1576
1571
1535
1540
1617
1536
1616
1579
1540
1543
1616
1551
1625
1591
1548
1553
1638
1554
1636
1611
1584
1602
1674
1594
1667
1620
1574
1578
1652
1557
1631
1608
1588
1617
1693
1617
1694
1654
1619
1623
1690
1585
1655
1628
1592
1601
1661
1582
1666
1637
1601
1589
1652
1558
1634
1607
1565
1574
1647
1575
1653
1618
1575
1576
1645
1553
1630
1598
1561
1573
1641
1558
1632
1588
1556
1557
1620
1525
1591
1565
1529
1542
1609
1524
1592
1545
1596
1666
1510
1560
1543
1512
1518
1513
1547
1517
1490
1477
1479
1521
1524
1487
1489
1495
1541
1508
1478
1469
1477
1519
1504
1469
1635
1491
1553
1519
1480
1635
PWM set: -140
2113
2012
2211
2093
2025
1999
2080
2113
2074
2106
2085
2050
2162
2075
2290
2153
2058
2088
2001
1946
2002
2111
1928
1958
1908
1929
2029
2170
1966
1999
1941
1921
1996
2085
1881
1906
1869
1887
1967
2090
1904
1954
1922
1922
2006
2092
1894
1931
1893
1899
1960
2074
1890
1953
1929
1916
1990
2079
1874
1914
1877
1890
1954
2058
1874
1934
1894
1880
1952
2050
1858
1903
1863
1867
1931
2037
1853
1885
1843
1845
1934
2028
1830
1884
1860
1879
1935
2018
1822
1857
1833
1833
1909
1994
1804
1865
1840
1862
1929
2018
1833
1872
1852
1855
1927
2021
1837
1891
1841
1838
1897
1985
1815
1853
1820
1815
1881
1984
1809
1872
1839
1836
1901
1990
1809
1842
1809
1813
1883
1990
1806
1878
1859
1860
1915
1982
1781
1808
1771
1756
1793
1869
1695
1754
1736
1753
1822
1919
1751
1796
1764
1746
1778
1857
1681
1729
1695
1695
1760
1857
1699
1744
1704
1695
1743
1831
1660
1705
1677
1687
1761
1868
1718
1762
1724
1717
1767
1860
1683
1723
1697
1704
1778
1866
1700
1747
1718
1717
1765
1858
1699
1760
1744
1749
1810
1893
1727
1779
1742
1736
1801
1918
1772
1851
1845
1840
1915
2014
1847
1884
1810
1784
1829
1923
1752
1799
1765
1752
1808
1894
1724
1763
1719
1719
1789
1909
1751
1801
1779
1779
1852
1941
1753
1794
1750
1753
1813
1910
1749
1798
1766
1749
1797
1884
1714
1765
1735
1748
1837
1962
1804
PWM set: -120
2264
2140
2062
2044
2143
2190
2160
2190
2175
2150
2266
2161
2367
2229
2145
2129
2222
2185
2161
2191
2276
2067
2129
2106
2097
2174
2300
2104
2185
2132
2113
2176
2284
2087
2146
2121
2123
2210
2328
2114
2165
2115
2099
2172
2291
2101
2171
2160
2163
2249
2366
2130
2197
2159
2144
2204
2297
2095
2158
2132
2123
2191
2299
2082
2156
2119
2104
2175
2299
2124
2192
2163
2146
2213
2328
2123
2186
2142
2126
2212
2335
2153
2224
2198
2200
2301
2464
2233
2265
2204
2180
2261
2355
2130
2179
2137
2135
2200
2317
2111
2179
2150
2134
2211
2308
2103
2158
2116
2102
2154
2267
2067
2135
2113
2119
2230
2373
2171
2229
2171
2126
2170
2277
2065
2112
2065
2057
2170
2325
2153
2215
2163
2157
2235
2356
2126
2146
2102
2100
2201
2327
2124
2196
2184
2215
2305
2426
2200
2243
2222
2203
2291
2406
2197
2277
2255
2264
2340
2462
2234
2278
2249
2247
2357
2505
2293
2371
2323
2303
2393
2510
2278
2325
2313
2317
2438
2584
2352
2418
2326
2295
2382
2489
2245
2278
2255
2270
2390
2519
2251
2298
2245
2238
2322
2421
2197
2266
2274
2283
2370
2490
2249
2314
2265
2251
2321
2417
2199
2256
2244
2257
2362
2500
2265
2325
2281
2247
2315
2422
2210
2274
2261
2277
2379
2512
2248
2279
2236
2229
2317
2431
2233
2294
2281
2292
2368
2473
2202
2222
2173
2166
2248
2344
2150
2258
2296
2331
2404
2512
2252
2289
PWM set: -100
2884
2827
2916
2942
2849
2846
2795
2762
2940
2830
3114
2945
2847
2806
2895
2927
2850
2831
2952
3091
2777
2821
2779
2750
2905
3047
2779
2838
2783
2753
2843
2994
2717
2795
2762
2719
2862
3040
2777
2842
2805
2794
2917
3055
2764
2830
2785
2751
2937
3108
2823
2890
2863
2890
3050
3220
2886
2912
2860
2818
2999
3179
2866
2932
2900
2901
3031
3150
2843
2893
2885
2872
3094
3259
2952
3067
3045
3000
3078
3193
2901
2979
3019
2962
3106
3247
2942
3024
2951
2924
3101
3268
2970
3002
2961
2945
3159
3338
3018
3082
3029
3013
3155
3257
2917
2910
2886
2872
3043
3178
2847
2980
3030
3042
3168
3225
2881
2923
2921
2903
3022
3169
2862
2970
2917
2864
2974
3089
2825
2902
2906
2857
2960
3117
2836
2925
2866
2813
2945
3101
2853
2921
2876
2842
2949
3130
2831
2930
2930
2929
3113
3215
2884
2948
2936
2922
3011
3150
2844
2945
2955
2951
3121
3196
2864
2934
2935
2919
3028
3238
2969
3067
3018
2930
3063
3190
2920
3026
3006
2941
3040
3200
2898
2965
2914
2852
2998
3129
2832
2891
2816
2773
2890
3077
2794
2835
2798
2762
2925
3072
2808
2902
2860
2853
2966
3116
2838
2929
2915
2840
2969
3119
2846
2976
2963
2972
3093
3270
2990
3030
2963
2855
2937
3056
2797
2924
2870
2854
3033
3249
2987
3039
2951
2861
2974
3164
2914
3007
2952
2959
3165
3339
3015
3008
2958
2901
3077
3274
2976
3068
3025
PWM set: -80
4537
4637
4505
4480
4408
4339
4624
4450
4822
4584
4431
4356
4480
4630
4536
4467
4320
4273
4661
4530
4863
4372
4405
4696
4925
4844
4799
4728
4664
4898
4633
4987
4776
4690
4695
4910
5172
5111
4977
4713
4647
5037
4828
5051
4714
4549
4625
4971
5242
5032
4839
4622
4545
4798
4577
4961
4797
4731
4739
4904
5057
4835
4636
4394
4299
4643
4583
5041
4829
4751
4865
5106
5087
4733
4538
4352
4316
4669
4543
5009
4873
4821
4740
4818
4927
4716
4603
4420
4384
4813
4787
5270
4976
4831
4864
5076
5149
4868
4688
4554
4568
4955
4775
5119
4835
4682
4592
4686
4843
4735
4714
4566
4523
4954
4817
5221
4898
4667
4634
4890
5063
4836
4721
4619
4681
5098
4914
5281
5016
4928
4878
4987
5120
4976
4905
4674
4545
4898
4753
5216
4959
4818
4850
5116
5264
4927
4763
4652
4678
5094
4933
5324
5040
4931
4936
5056
5148
4955
4860
4648
4527
4851
4715
5221
5022
4906
4945
5175
5335
4934
4710
4526
4643
5310
5242
5608
5401
5283
5068
4990
5035
4794
4791
4709
4709
5185
5175
5766
5428
5035
4919
5020
5136
4871
4777
4719
4871
5502
5280
5452
5096
4896
4809
4891
5032
4886
4901
4818
4757
5159
5014
5409
5070
4762
4733
4914
5166
5023
4936
4853
4980
5490
5204
5379
5005
4829
4839
4967
5144
5032
5043
4981
4962
5355
5199
5591
5335
5035
4898
4974
5211
5065
4972
4864
4895
5356
5130
5326
4974
4777
4819
PWM set: -60
13318
13187
15240
11634
13167
13771
14517
12216
13428
12308
18820
14221
16998
13998
13563
11083
13856
14748
16279
12435
15192
12714
17526
13479
15254
13325
14747
12036
14691
14473
15521
12723
14624
12307
17474
13419
15414
13488
14847
11927
15893
15761
18624
13878
13952
12649
18410
13478
15638
13663
16165
13569
18773
16057
18993
13800
16559
12606
18199
13757
18184
15246
17154
13770
19749
17840
22220
12576
13767
13167
18690
13229
14217
12832
15230
12721
15362
14246
14799
12384
15082
13160
22725
15581
20975
16978
19295
13951
19367
18008
24448
14000
17085
15748
37816
0
21809
26417
17939
28652
19268
37955
26559
29876
18948
36194
20953
0
0
0
0
0
0
0
0
0
0
0
0
0
0
0
0
0
0
0
0
0
0
0
0
0
0
0
0
0
0
0
0
0
0
0
0
0
0
0
0
0
0
0
0
0
0
0
0
0
0
0
0
0
0
0
0
0
0
0
0
0
0
0
0
0
0
0
0
0
0
0
0
0
0
0
0
0
0
0
0
0
0
0
0
0
0
0
0
0
0
0
0
0
0
0
0
0
0
0
0
0
0
0
0
0
0
0
0
0
0
0
0
0
0
0
0
0
0
0
0
0
0
0
0
0
0
0
0
0
0
0
0
0
0
0
0
0
0
0
0
0
0
0
0
PWM set: -40
0
0
0
0
0
0
0
0
0
0
0
0
0
0
0
0
0
0
0
0
0
0
0
0
0
0
0
0
0
0
0
0
0
0
0
0
0
0
0
0
0
0
0
0
0
0
0
0
0
0
0
0
0
0
0
0
0
0
0
0
0
0
0
0
0
0
0
0
0
0
0
0
0
0
0
0
0
0
0
0
0
0
0
0
0
0
0
0
0
0
0
0
0
0
0
0
0
0
0
0
0
0
0
0
0
0
0
0
0
0
0
0
0
0
0
0
0
0
0
0
0
0
0
0
0
0
0
0
0
0
0
0
0
0
0
0
0
0
0
0
0
0
0
0
0
0
0
0
0
0
0
0
0
0
0
0
0
0
0
0
0
0
0
0
0
0
0
0
0
0
0
0
0
0
0
0
0
0
0
0
0
0
0
0
0
0
0
0
0
0
0
0
0
0
0
0
0
0
0
0
0
0
0
0
0
0
0
0
0
0
0
0
0
0
0
0
0
0
0
0
0
0
0
0
0
0
0
0
0
0
0
0
0
0
0
0
0
0
0
0
0
0
0
0
0
0
0
0
0
0
0
PWM set: -20
0
0
0
0
0
0
0
0
0
0
0
0
0
0
0
0
0
0
0
0
0
0
0
0
0
0
0
0
0
0
0
0
0
0
0
0
0
0
0
0
0
0
0
0
0
0
0
0
0
0
0
0
0
0
0
0
0
0
0
0
0
0
0
0
0
0
0
0
0
0
0
0
0
0
0
0
0
0
0
0
0
0
0
0
0
0
0
0
0
0
0
0
0
0
0
0
0
0
0
0
0
0
0
0
0
0
0
0
0
0
0
0
0
0
0
0
0
0
0
0
0
0
0
0
0
0
0
0
0
0
0
0
0
0
0
0
0
0
0
0
0
0
0
0
0
0
0
0
0
0
0
0
0
0
0
0
0
0
0
0
0
0
0
0
0
0
0
0
0
0
0
0
0
0
0
0
0
0
0
0
0
0
0
0
0
0
0
0
0
0
0
0
0
0
0
0
0
0
0
0
0
0
0
0
0
0
0
0
0
0
0
0
0
0
0
0
0
0
0
0
0
0
0
0
0
0
0
0
0
0
0
0
0
0
0
0
0
0
0
0
0
0
0
0
0
0
0
0
0
0
0
PWM set: 0
0
0
0
0
0
0
0
0
0
0
0
0
0
0
0
0
0
0
0
0
0
0
0
0
0
0
0
0
0
0
0
0
0
0
0
0
0
0
0
0
0
0
0
0
0
0
0
0
0
0
0
0
0
0
0
0
0
0
0
0
0
0
0
0
0
0
0
0
0
0
0
0
0
0
0
0
0
0
0
0
0
0
0
0
0
0
0
0
0
0
0
0
0
0
0
0
0
0
0
0
0
0
0
0
0
0
0
0
0
0
0
0
0
0
0
0
0
0
0
0
0
0
0
0
0
0
0
0
0
0
0
0
0
0
0
0
0
0
0
0
0
0
0
0
0
0
0
0
0
0
0
0
0
0
0
0
0
0
0
0
0
0
0
0
0
0
0
0
0
0
0
0
0
0
0
0
0
0
0
0
0
0
0
0
0
0
0
0
0
0
0
0
0
0
0
0
0
0
0
0
0
0
0
0
0
0
0
0
0
0
0
0
0
0
0
0
0
0
0
0
0
0
0
0
0
0
0
0
0
0
0
0
0
0
0
0
0
0
0
0
0
0
0
0
0
0
0
0
0
0
0
PWM set: 20
0
0
0
0
0
0
0
0
0
0
0
0
0
0
0
0
0
0
0
0
0
0
0
0
0
0
0
0
0
0
0
0
0
0
0
0
0
0
0
0
0
0
0
0
0
0
0
0
0
0
0
0
0
0
0
0
0
0
0
0
0
0
0
0
0
0
0
0
0
0
0
0
0
0
0
0
0
0
0
0
0
0
0
0
0
0
0
0
0
0
0
0
0
0
0
0
0
0
0
0
0
0
0
0
0
0
0
0
0
0
0
0
0
0
0
0
0
0
0
0
0
0
0
0
0
0
0
0
0
0
0
0
0
0
0
0
0
0
0
0
0
0
0
0
0
0
0
0
0
0
0
0
0
0
0
0
0
0
0
0
0
0
0
0
0
0
0
0
0
0
0
0
0
0
0
0
0
0
0
0
0
0
0
0
0
0
0
0
0
0
0
0
0
0
0
0
0
0
0
0
0
0
0
0
0
0
0
0
0
0
0
0
0
0
0
0
0
0
0
0
0
0
0
0
0
0
0
0
0
0
0
0
0
0
0
0
0
0
0
0
0
0
0
0
0
0
0
0
0
0
0
PWM set: 40
0
0
0
0
0
0
0
0
0
0
0
0
0
0
0
0
0
0
0
0
0
0
0
0
0
0
0
0
0
0
0
0
0
0
0
0
0
0
0
0
0
0
0
0
0
0
0
0
0
0
0
0
0
0
0
0
0
0
0
0
0
0
0
0
0
0
0
0
0
0
0
0
0
0
0
0
0
0
0
0
0
0
0
0
0
0
0
0
0
0
0
0
0
0
0
0
0
0
0
0
0
0
0
0
0
0
0
0
0
0
0
0
0
0
0
0
0
0
0
0
0
0
0
0
0
0
0
0
0
0
0
0
0
0
0
0
0
0
0
0
0
0
0
0
0
0
0
0
0
0
0
0
0
0
0
0
0
0
0
0
0
0
0
0
0
0
0
0
0
0
0
0
0
0
0
0
0
0
0
0
0
0
0
0
0
0
0
0
0
0
0
0
0
0
0
0
0
0
0
0
0
0
0
0
0
0
0
0
0
0
0
0
0
0
0
0
0
0
0
0
0
0
0
0
0
0
0
0
0
0
0
0
0
0
0
0
0
0
0
0
0
0
0
0
0
0
0
0
0
0
0
PWM set: 60
0
0
0
0
0
0
0
0
0
0
0
0
0
0
0
0
0
0
0
0
0
0
0
0
0
0
0
0
0
0
0
0
0
0
0
0
0
0
0
0
0
0
0
0
0
0
0
0
0
0
0
0
0
0
0
0
0
0
0
0
0
0
0
0
0
0
0
0
0
0
0
0
0
0
0
0
0
0
0
0
0
0
0
0
0
0
0
0
0
0
0
0
0
0
0
0
0
0
0
0
0
0
0
0
0
0
0
0
0
0
0
0
0
0
0
0
0
0
0
0
0
0
0
0
0
0
0
0
0
0
0
0
0
0
0
0
0
0
0
0
0
0
0
0
0
0
0
0
0
0
0
0
0
0
0
0
0
0
0
0
0
0
0
0
0
0
0
0
0
0
0
0
0
0
0
0
0
0
0
0
0
0
0
0
0
0
0
0
0
0
0
0
0
0
0
0
0
0
0
0
0
0
0
0
0
0
0
0
0
0
0
0
0
0
0
0
0
0
0
0
0
0
0
0
0
0
0
0
0
0
0
0
0
0
0
0
0
0
0
0
0
0
0
0
0
0
0
0
0
0
0
PWM set: 80
5996
5517
5560
5903
5538
5428
5195
5231
5452
5595
5788
5349
5536
5091
5045
5120
5047
5257
5253
5197
5191
5277
5566
5302
5341
4976
5036
5358
5302
5315
5080
5050
5262
5413
5589
5118
5230
4949
5128
5313
5110
5146
4984
4895
4930
5091
5395
5240
5370
4939
4943
5105
4943
4891
4760
4763
5010
5126
5344
5006
5213
4883
4966
5149
5039
5130
5019
4981
5033
5274
5533
5201
5295
5027
5231
5450
5241
5222
5149
5058
5122
5254
5388
4901
5037
4787
4940
5149
5049
5221
5184
5176
5121
5222
5511
5256
5359
4979
5176
5447
5297
5208
5107
5114
5206
5339
5502
5051
5153
4811
4833
5003
4972
5232
5111
5027
5036
5196
5420
5018
5128
4731
4941
5159
5119
5193
5077
5027
5105
5301
5546
5178
5436
5324
5580
5879
5545
5623
5461
5512
5639
6007
6397
6066
6378
5848
5875
5945
5839
5986
5839
5931
5934
6150
6344
5988
6136
5804
5944
6262
6000
6166
5895
5795
5789
5987
6502
6277
6429
5907
6047
6323
6181
6252
5833
5794
5832
6119
6345
6018
6190
5843
6086
6623
6320
6361
6227
6466
6709
6782
7210
6810
6727
6067
6126
6601
6380
6600
6347
6538
6285
6557
6817
6577
6686
6317
6495
6834
6557
6774
6455
6317
6372
6374
6611
6172
6264
5780
5813
6107
5822
5971
5659
5572
5568
5782
6076
5612
5690
5352
5539
5789
5558
5512
5364
5366
5493
5558
5811
5443
5563
5205
5205
5464
5325
5452
5211
5115
5229
5402
5693
PWM set: 100
3214
3308
3431
3656
3341
3482
3291
3372
3487
3437
3472
3385
3288
3403
3538
3754
3428
3394
3496
3496
3341
3572
3474
3396
3524
3494
3383
3634
3479
3369
3445
3438
3216
3402
3344
3312
3477
3474
3341
3568
3341
3229
3359
3386
3324
3553
3437
3268
3443
3571
3361
3611
3389
3249
3342
3333
3182
3451
3339
3237
3390
3415
3213
3427
3315
3287
3328
3259
3176
3390
3308
3290
3381
3388
3181
3383
3246
3180
3300
3334
3118
3295
3210
3119
3262
3322
3161
3461
3282
3160
3238
3253
3174
3370
3275
3225
3381
3474
3201
3325
3198
3113
3272
3377
3252
3420
3304
3158
3271
3375
3255
3421
3263
3164
3307
3336
3278
3515
3372
3252
3326
3432
3296
3488
3356
3206
3365
3424
3225
3370
3290
3210
3297
3339
3186
3344
3227
3130
3290
3327
3224
3401
3307
3282
3382
3470
3282
3494
3390
3271
3376
3365
3221
3428
3285
3274
3415
3409
3187
3266
3120
3097
3240
3269
3104
3298
3242
3226
3274
3289
3100
3243
3172
3124
3241
3231
3101
3405
3342
3218
3289
3305
3170
3342
3170
3078
3193
3232
3122
3300
3165
3113
3145
3137
3000
3178
3116
3049
3162
3185
3028
3210
3127
3109
3278
3310
3149
3252
3160
3217
3414
3474
3285
3486
3428
3328
3377
3394
3243
3429
3415
3313
3422
3486
3350
3548
3385
3376
3545
3559
3374
3500
3426
3447
3629
3647
3416
3590
3573
3530
3636
3648
3433
3573
3500
3368
3481
3533
3321
3598
3553
PWM set: 120
2460
2608
2391
2500
2399
2468
2518
2500
2555
2536
2422
2478
2541
2679
2424
2519
2371
2422
2466
2353
2548
2487
2491
2601
2603
2446
2542
2390
2339
2439
2506
2392
2532
2469
2482
2587
2588
2405
2484
2353
2313
2398
2461
2358
2570
2526
2472
2512
2505
2363
2471
2306
2252
2332
2413
2369
2536
2434
2372
2414
2412
2276
2372
2249
2222
2293
2370
2286
2446
2364
2312
2380
2401
2287
2408
2294
2261
2343
2392
2322
2496
2407
2359
2411
2412
2275
2388
2292
2284
2356
2399
2293
2444
2358
2308
2381
2386
2243
2353
2260
2260
2356
2393
2272
2393
2290
2257
2340
2394
2257
2380
2275
2236
2302
2338
2223
2354
2269
2254
2351
2379
2249
2387
2287
2265
2333
2387
2299
2474
2393
2349
2402
2468
2354
2497
2399
2363
2483
2570
2469
2627
2516
2452
2522
2540
2402
2587
2488
2456
2546
2618
2540
2686
2526
2434
2489
2540
2412
2561
2469
2451
2623
2722
2586
2691
2563
2510
2607
2627
2478
2641
2546
2543
2668
2743
2615
2745
2610
2563
2660
2714
2592
2757
2666
2624
2762
2819
2674
2834
2701
2641
2705
2725
2607
2803
2692
2653
2774
2845
2697
2769
2592
2528
2597
2684
2599
2793
2693
2645
2775
2810
2640
2800
2675
2668
2781
2846
2727
2898
2755
2706
2787
2799
2654
2806
2709
2644
2680
2738
2651
2817
2716
2632
2717
2783
2657
2819
2660
2590
2669
2735
2623
2815
2718
2643
2710
2716
2581
2734
2600
2504
PWM set: 140
1830
1910
1807
1839
1850
1830
1871
1854
1772
1814
1870
1970
1781
1853
1757
1794
1813
1852
1785
1904
1815
1791
1829
1849
1740
1830
1737
1716
1770
1827
1757
1881
1805
1781
1819
1826
1717
1801
1715
1699
1769
1823
1747
1847
1749
1719
1757
1779
1687
1778
1698
1689
1753
1802
1726
1838
1754
1728
1769
1782
1696
1803
1734
1729
1800
1856
1774
1867
1759
1717
1748
1770
1687
1800
1736
1740
1808
1848
1753
1856
1773
1740
1771
1785
1719
1863
1807
1788
1824
1848
1759
1867
1781
1755
1788
1813
1737
1848
1773
1750
1795
1821
1736
1851
1772
1735
1771
1791
1713
1821
1738
1720
1770
1813
1741
1846
1756
1724
1767
1787
1695
1792
1715
1703
1772
1813
1725
1816
1726
1688
1733
1767
1693
1801
1733
1747
1824
1862
1759
1835
1730
1690
1738
1777
1708
1830
1770
1762
1817
1839
1742
1832
1736
1702
1750
1775
1699
1828
1771
1766
1801
1813
1726
1821
1731
1705
1756
1794
1728
1853
1787
1773
1832
1862
1771
1868
1772
1746
1803
1829
1749
1875
1806
1800
1833
1830
1722
1803
1704
1676
1717
1755
1692
1807
1737
1716
1758
1771
1671
1749
1657
1641
1708
1754
1676
1782
1702
1687
1738
1752
1662
1749
1663
1647
1696
1733
1659
1762
1678
1665
1725
1757
1669
1757
1672
1648
1686
1716
1646
1767
1701
1689
1732
1752
1667
1762
1674
1645
1692
1734
1673
1794
1719
1696
1739
1758
1659
1750
1669
1661
1717
PWM set: 160
1454
1475
1478
1457
1491
1483
1425
1467
1530
1629
1492
1573
1514
1559
1586
1583
1628
1559
1652
1565
1526
1552
1565
1491
1687
1614
1586
1597
1624
1584
1705
1587
1522
1514
1490
1598
1550
1558
1620
1653
1577
1665
1572
1532
1564
1587
1522
1640
1594
1610
1678
1690
1592
1660
1558
1527
1568
1604
1547
1656
1601
1584
1624
1633
1532
1605
1518
1494
1554
1600
1587
1730
1617
1552
1542
1564
1530
1489
1476
1530
1568
1542
1675
1496
1544
1571
1492
1656
1563
1521
1570
1494
1582
1570
1515
1508
1469
1554
1481
1503
1502
1536
1562
1503
1494
1515
1536
1501
1477
1463
1481
1515
1575
1519
1505
1534
1529
1491
1460
1442
1470
1518
1565
1506
1490
1522
1540
1502
1465
1441
1463
1504
1557
1497
1486
1509
1534
1540
1455
1452
1449
1432
1521
1521
1478
1509
1426
1578
1404
1444
1473
1462
1443
1417
1421
1441
1454
1444
1404
1451
1392
1561
1402
1438
1441
1462
1403
1434
1438
1421
1517
1516
1462
1480
1409
1574
1408
1451
1481
1470
1462
1450
1469
1492
1515
1451
1482
1489
1468
1557
1478
1478
1465
1431
1518
1525
1489
1545
1475
1637
1530
1479
1497
1472
1619
1470
1527
1552
1512
1635
1451
1481
1496
1479
1482
1485
1534
1552
1523
1496
1468
1480
1512
1545
1488
1488
1526
1557
1531
1503
1477
1512
1533
1512
1493
1478
1519
1549
1527
1497
1469
1515
1541
1519
1508
1501
1549
1562
1501
1617
1440
PWM set: 180
1250
1302
1237
1261
1270
1255
1287
1278
1226
1257
1303
1380
1254
1308
1248
1275
1288
1305
1322
1314
1282
1288
1302
1291
1264
1272
1290
1287
1256
1262
1282
1277
1250
1268
1288
1273
1238
1250
1267
1264
1239
1262
1282
1267
1229
1244
1269
1263
1234
1251
1273
1257
1226
1241
1258
1251
1227
1244
1268
1265
1231
1242
1263
1266
1251
1265
1283
1271
1240
1249
1260
1251
1228
1249
1280
1277
1243
1251
1276
1279
1258
1276
1294
1277
1243
1250
1271
1266
1240
1256
1274
1256
1221
1239
1272
1272
1249
1271
1294
1277
1247
1260
1285
1282
1262
1281
1288
1269
1240
1260
1295
1305
1289
1298
1310
1291
1261
1282
1317
1318
1284
1287
1288
1271
1244
1267
1304
1299
1264
1268
1282
1271
1250
1285
1319
1304
1268
1282
1296
1282
1259
1278
1298
1284
1249
1255
1271
1266
1249
1269
1286
1271
1243
1254
1266
1257
1238
1261
1291
1276
1235
1232
1253
1259
1239
1255
1275
1263
1229
1241
1269
1270
1241
1248
1267
1261
1240
1252
1271
1256
1226
1247
1275
1272
1247
1259
1276
1264
1244
1277
1302
1288
1256
1263
1277
1269
1253
1280
1311
1295
1254
1266
1287
1280
1268
1288
1310
1290
1246
1250
1269
1267
1249
1271
1298
1286
1244
1251
1272
1269
1256
1282
1299
1277
1239
1248
1270
1260
1237
1256
1277
1260
1224
1239
1263
1262
1250
1264
1270
1248
1220
1235
1263
1262
1241
1261
1281
1265
1232
1255
1291
PWM set: 200
1113
1149
1209
1093
1139
1086
1109
1118
1105
1135
1130
1083
1112
1149
1210
1093
1083
1087
1054
1176
1062
1089
1078
1214
1083
1089
1057
1176
1057
1083
1069
1191
1057
1062
1037
1169
1065
1098
1077
1195
1059
1064
1039
1168
1059
1086
1062
1181
1056
1065
1041
1173
1061
1089
1064
1183
1054
1064
1051
1188
1073
1091
1063
1184
1056
1067
1045
1173
1057
1085
1063
1180
1050
1065
1048
1183
1062
1082
1061
1182
1055
1073
1058
1188
1064
1081
1057
1183
1061
1079
1056
1173
1049
1065
1048
1175
1051
1066
1038
1160
1045
1069
1050
1176
1053
1065
1041
1167
1053
1072
1052
1172
1046
1061
1047
1181
1068
1093
1069
1188
1054
1068
1054
1186
1072
1097
1081
1204
1069
1089
1080
1218
1098
1119
1090
1210
1080
1098
1081
1219
1101
1123
1097
1220
1092
1117
1113
1266
1138
1153
1118
1247
1120
1146
1138
1280
1143
1159
1125
1254
1128
1159
1145
1276
1139
1160
1133
1265
1139
1166
1143
1277
1148
1170
1142
1278
1151
1175
1152
1287
1147
1161
1131
1260
1130
1154
1132
1263
1128
1134
1108
1248
1124
1149
1127
1254
1112
1120
1095
1228
1110
1139
1119
1247
1108
1117
1089
1217
1094
1122
1104
1228
1091
1104
1080
1205
1080
1100
1077
1205
1081
1095
1073
1201
1086
1113
1089
1211
1071
1081
1055
1181
1066
1087
1067
1192
1064
1079
1058
1187
1069
1085
1067
1195
1060
1073
1052
1179
1058
1079
1060
PWM set: 220
929
892
917
950
1002
907
944
898
916
924
914
938
933
893
917
948
997
901
938
914
928
947
940
917
925
938
927
910
930
952
945
922
925
934
926
911
928
951
947
926
934
946
936
919
939
961
954
929
934
949
939
922
939
963
954
925
931
948
942
928
947
960
945
913
918
933
927
915
932
947
932
902
910
931
930
915
927
938
923
898
908
931
927
911
920
932
918
896
905
928
925
909
921
936
922
896
902
921
918
902
914
930
917
894
909
932
932
915
927
942
925
904
921
943
941
927
939
952
940
917
929
947
941
922
930
944
935
916
928
947
943
923
932
948
939
915
923
942
939
916
927
941
931
907
920
941
931
910
921
936
926
906
920
938
929
912
926
942
932
913
924
940
937
924
937
950
940
921
936
962
961
940
946
959
946
926
942
966
961
936
938
950
942
928
948
973
963
937
942
956
946
932
950
972
961
940
947
965
963
959
982
1002
990
963
971
990
985
968
979
996
987
966
979
1002
999
987
1002
1016
999
972
985
1011
1007
988
1000
1018
1004
965
952
1069
957
972
951
1067
956
974
956
1066
949
964
947
1060
951
967
948
1060
953
977
962
1077
965
PWM set: 240
858
817
832
839
829
852
846
810
830
860
904
820
853
813
829
837
830
854
851
870
861
840
845
857
811
826
811
911
818
831
836
825
834
856
839
828
841
851
867
858
837
846
910
818
832
818
915
821
863
849
836
840
862
843
829
835
853
870
864
845
852
866
819
833
820
920
825
838
819
829
836
858
842
835
840
858
867
860
843
858
876
866
843
814
910
819
838
826
923
822
854
837
829
844
870
850
832
838
845
865
863
851
862
876
821
831
814
915
826
839
819
822
825
845
832
826
837
852
862
848
826
840
910
820
833
814
904
807
847
834
824
833
852
828
844
829
843
864
860
843
817
910
816
828
812
908
833
854
834
822
832
852
866
863
848
857
871
860
839
813
912
819
830
810
902
822
844
830
824
831
843
856
845
827
842
908
820
834
817
909
811
848
831
820
824
841
844
835
820
833
899
810
823
802
892
816
842
830
821
827
837
850
844
828
842
907
813
822
804
900
829
853
837
825
828
844
853
845
829
841
858
809
819
801
897
811
855
839
827
831
849
826
851
836
845
861
852
820
806
907
820
836
819
826
827
845
828
820
836
844
860
PWM set: 260
754
783
825
747
780
741
756
760
751
772
767
734
752
777
819
741
770
735
757
767
826
740
771
752
772
761
743
832
758
773
779
772
749
736
743
749
761
776
735
746
749
738
749
756
813
730
762
746
766
750
728
816
746
765
777
769
744
731
738
746
763
777
732
743
746
737
754
765
820
735
766
747
768
754
735
822
750
765
776
771
749
739
749
757
768
780
739
754
763
752
761
768
826
750
789
773
760
771
779
839
757
771
774
759
770
781
842
761
775
779
766
778
787
805
765
777
762
767
772
788
807
805
780
762
847
768
786
800
794
779
751
835
763
787
773
795
777
748
831
758
782
795
791
774
746
829
757
778
793
786
769
740
823
754
772
784
780
753
737
746
756
773
788
743
749
752
741
755
765
822
738
767
748
765
748
728
817
750
769
776
769
744
731
745
753
765
776
731
742
752
746
759
763
812
728
763
747
767
747
720
806
741
762
775
765
734
716
726
735
756
812
727
756
737
760
749
728
813
743
762
773
769
750
736
743
751
766
784
747
760
744
749
755
767
784
744
756
761
750
765
779
840
756
768
773
761
777
788
804
760
772
PWM set: 280
688
709
707
678
697
721
759
687
714
679
693
697
687
707
702
671
686
710
702
684
690
679
687
664
671
689
671
751
681
689
738
679
695
709
668
694
702
665
694
681
698
674
678
696
673
662
669
680
658
665
679
659
663
669
682
730
667
680
728
665
679
727
664
680
691
653
681
688
650
680
692
653
680
690
652
662
670
686
659
663
680
659
663
678
653
659
680
659
660
672
646
650
670
651
654
670
648
654
677
656
644
651
662
642
653
665
644
651
662
648
658
669
646
651
664
647
653
665
641
648
657
673
722
661
673
719
659
673
720
659
670
719
660
672
722
659
670
720
659
674
723
646
672
679
642
674
686
646
672
679
642
673
684
647
676
683
646
678
689
651
681
686
678
655
661
676
653
655
675
657
663
681
657
660
677
658
664
680
654
658
676
657
646
653
664
641
650
666
646
654
665
643
653
669
648
654
665
643
653
668
674
719
655
668
722
662
674
721
656
671
724
664
677
724
660
677
728
667
684
692
654
687
697
659
690
698
659
672
679
700
678
682
701
688
667
678
692
670
751
689
703
756
693
713
724
683
713
697
719
699
685
PWM set: 300
615
630
654
687
621
644
615
626
632
625
643
642
614
631
653
688
622
617
644
651
613
639
683
626
638
682
622
635
617
630
610
615
624
606
637
616
621
638
615
641
605
633
643
617
629
675
617
629
608
618
601
608
613
617
631
611
616
605
632
638
601
623
670
614
625
605
617
601
611
614
617
630
612
642
605
630
636
600
633
680
622
632
611
626
607
618
628
608
639
623
628
644
621
647
611
640
650
614
641
685
628
642
685
625
636
682
629
611
617
627
608
639
619
623
637
618
622
608
637
648
613
639
683
626
639
687
628
638
619
632
613
619
628
607
639
621
626
639
615
641
608
639
647
609
633
675
621
636
679
618
604
615
628
607
613
614
620
641
621
622
604
631
643
608
632
674
618
632
680
628
609
615
626
608
615
619
620
637
618
623
610
636
643
608
636
678
619
630
676
621
608
616
626
606
613
618
622
640
619
624
610
637
646
608
634
675
616
628
672
615
601
607
620
605
637
618
619
635
614
642
606
631
640
617
631
679
621
631
613
624
606
616
625
619
635
618
623
607
631
638
605
635
675
616
627
674
622
611
617
628
607
PWM set: 320
567
578
600
631
570
591
564
576
580
571
589
586
562
576
597
629
570
576
561
567
569
575
563
587
625
578
563
591
571
594
561
586
628
578
560
589
590
599
576
587
570
582
578
594
592
599
581
595
578
590
587
604
585
610
574
597
640
593
574
578
579
583
571
599
639
585
572
581
586
589
576
601
610
587
598
581
591
587
606
586
611
575
598
642
592
575
579
581
585
573
600
639
583
570
576
581
584
570
595
604
585
594
574
581
579
597
596
603
578
592
579
590
580
593
594
603
583
592
570
581
580
594
592
598
578
591
576
584
579
597
597
606
581
591
573
584
580
595
575
601
568
591
574
584
565
594
574
602
566
590
573
586
569
599
581
606
572
596
639
589
571
602
585
590
578
602
642
589
577
584
594
590
606
609
619
584
606
650
595
584
590
591
597
616
616
623
586
607
651
597
585
590
593
598
617
615
621
584
606
651
596
581
586
586
592
609
606
612
589
602
648
596
575
601
584
611
577
601
637
583
570
578
582
584
571
599
639
582
591
572
582
577
565
591
629
575
566
574
576
580
567
591
631
577
563
569
570
573
562
586
625
PWM set: 340
566
511
532
508
518
523
515
531
529
506
520
540
568
514
534
511
521
509
534
533
568
522
517
508
528
515
517
540
519
506
533
532
567
522
519
510
531
514
517
543
525
511
537
537
574
529
524
513
533
517
518
540
520
510
536
534
567
524
521
512
530
512
516
541
522
509
537
538
574
527
522
513
533
515
515
539
520
508
534
533
569
524
520
508
528
512
513
538
519
508
535
536
571
526
521
512
533
517
519
544
526
536
522
523
547
528
516
542
542
581
538
535
523
546
584
539
534
523
545
531
543
538
527
550
536
539
542
530
554
541
541
543
532
552
538
548
540
529
554
537
539
541
530
552
536
536
538
530
552
535
535
537
529
549
534
535
559
527
549
532
532
557
537
525
531
532
556
537
525
552
533
555
535
522
550
546
581
537
520
546
545
581
537
535
524
544
583
538
537
525
543
525
528
551
519
539
522
527
550
528
514
540
541
574
529
523
514
534
518
519
544
524
532
516
517
543
524
511
534
533
571
528
522
512
535
519
522
545
526
513
539
539
576
532
529
520
540
580
533
529
519
538
521
523
548
527
516
541
539
576
532
PWM set: 360
501
495
510
507
486
497
516
543
491
511
489
498
501
494
510
507
497
489
507
510
507
542
498
513
494
481
506
502
486
490
511
496
493
483
479
506
504
485
489
512
493
491
481
499
503
503
535
494
511
493
480
481
498
484
501
532
490
509
491
479
504
502
485
487
534
494
491
490
476
501
499
485
487
510
496
494
484
482
508
507
541
491
514
496
486
488
508
492
495
544
502
497
488
506
508
508
540
497
513
494
482
485
504
488
489
537
495
492
490
477
505
505
485
487
510
497
494
484
501
506
506
536
486
509
490
490
480
499
485
503
532
490
507
489
476
479
498
481
498
530
490
506
486
474
479
499
484
503
536
494
510
491
479
482
503
488
489
538
496
493
493
481
506
506
489
492
514
495
497
488
505
490
512
546
502
498
489
487
513
511
545
496
520
500
487
512
511
495
497
519
503
503
494
513
498
501
522
504
500
494
513
493
495
545
503
499
487
486
512
512
543
500
515
495
482
484
502
487
489
537
496
493
494
480
507
505
487
490
512
494
493
484
503
507
506
541
499
514
494
482
507
503
486
490
512
498
492
484
482
510
509
PWM set: 380
480
459
470
488
513
464
483
461
469
473
466
481
478
458
470
487
482
480
462
464
509
463
483
467
463
464
464
454
451
475
472
475
473
454
471
501
454
501
462
476
461
459
460
459
448
448
450
466
468
465
450
466
447
451
496
451
493
455
468
454
466
451
451
451
450
442
439
441
438
440
457
461
456
459
456
441
457
441
457
442
444
488
443
487
444
488
450
466
452
465
452
450
449
450
449
441
443
439
443
461
464
462
468
468
450
465
498
453
496
451
473
460
473
455
456
458
446
448
447
472
469
472
471
454
470
499
456
503
464
475
460
457
456
457
448
447
449
466
470
467
471
468
451
469
500
456
500
460
475
459
454
455
455
448
444
447
445
470
464
469
469
453
470
500
456
502
463
476
463
460
460
459
452
449
451
468
475
476
457
473
506
460
505
465
482
464
465
463
453
456
474
477
474
460
477
508
463
483
469
484
467
467
459
457
481
476
480
477
460
463
511
471
486
466
469
469
458
459
478
481
479
460
463
509
462
481
468
466
466
463
454
452
476
470
474
474
457
474
505
461
481
464
479
462
463
452
447
451
468
471
465
PWM set: 400
432
444
459
483
437
455
433
442
445
439
452
451
432
443
459
484
444
444
442
434
437
433
435
432
435
451
454
453
457
452
455
452
437
452
436
453
436
451
436
452
437
439
482
439
484
440
484
440
483
446
459
447
461
447
461
448
445
445
443
443
444
442
443
434
434
434
432
435
432
434
449
453
450
452
448
452
448
451
448
452
448
435
450
437
453
434
450
435
451
432
449
435
436
479
436
479
436
479
436
480
438
481
438
458
444
459
448
462
449
463
446
448
447
448
449
438
443
442
443
439
464
461
465
462
449
465
447
463
494
446
490
446
467
452
463
451
465
451
447
447
448
446
446
439
435
436
432
437
433
435
451
456
451
454
451
455
450
453
451
435
452
435
451
435
452
435
451
435
438
481
437
481
438
481
437
480
438
481
445
458
444
457
444
456
444
457
443
457
443
440
440
442
441
440
441
441
443
432
435
434
436
432
435
435
460
456
459
457
461
458
444
461
444
458
488
446
490
445
491
453
466
451
466
453
450
448
448
450
438
440
437
439
434
437
451
457
452
456
452
456
451
437
454
439
456
440
457
442
445
488
442
Done!
