PWM set: -400
477
526
499
485
474
492
495
483
485
483
473
496
470
520
493
479
487
493
468
468
476
475
486
471
512
484
463
481
488
462
463
468
469
483
471
507
468
458
479
458
476
481
454
456
464
465
464
466
476
463
502
461
452
472
476
469
475
449
450
447
459
458
459
471
460
497
458
497
469
450
467
472
465
471
446
450
447
457
456
458
470
460
469
457
493
453
445
465
446
465
468
462
467
442
443
441
444
450
452
449
449
461
451
462
452
462
449
488
450
442
462
442
462
465
458
463
456
462
437
441
438
438
438
448
447
448
446
449
458
448
458
449
459
445
483
444
482
442
435
452
431
450
433
452
433
450
457
453
460
453
458
434
437
436
437
436
438
444
444
443
445
443
445
457
449
459
449
459
444
482
443
481
443
482
456
437
457
436
455
459
453
459
454
460
437
438
437
441
440
449
447
448
447
449
460
450
458
448
460
445
484
446
484
447
438
459
438
456
436
453
458
451
456
450
456
433
435
433
435
434
435
433
442
441
443
440
441
441
444
443
447
457
447
455
445
454
441
479
441
478
440
480
441
433
453
433
452
433
451
432
449
PWM set: -380
470
473
472
462
487
462
511
485
472
462
481
483
472
475
475
465
514
485
464
482
488
462
463
472
476
486
470
511
482
463
480
488
463
466
472
473
485
474
510
468
459
478
485
476
484
460
461
469
471
483
472
508
468
459
479
482
474
458
456
459
466
467
479
468
504
465
457
477
457
477
483
459
462
469
469
483
472
509
469
460
480
483
477
461
458
459
468
469
482
470
507
467
459
477
481
475
480
455
455
463
462
461
462
473
458
498
459
451
471
450
467
472
465
449
447
450
456
459
456
459
468
458
494
455
493
464
444
464
466
460
467
459
444
442
445
442
453
451
452
463
452
462
452
463
449
488
449
488
462
444
466
467
463
470
447
448
446
448
456
457
456
461
472
460
500
460
452
472
451
470
475
453
456
454
464
463
464
477
466
503
464
456
476
480
473
478
454
456
463
466
480
469
482
465
506
477
458
477
482
458
461
467
469
482
471
508
467
507
477
457
475
481
455
459
464
467
466
469
479
467
505
477
457
476
482
458
458
455
466
462
466
476
466
504
463
453
473
477
472
479
454
456
464
464
462
465
476
462
501
460
453
PWM set: -360
506
491
481
500
502
490
495
493
484
508
483
534
506
492
482
501
492
485
504
509
483
493
491
495
532
505
483
503
486
493
494
508
492
483
505
510
485
496
495
500
538
510
512
505
486
495
497
507
491
482
500
507
482
492
493
496
533
504
483
500
481
489
491
503
487
528
498
503
477
479
487
492
502
487
478
499
501
475
476
485
489
501
486
477
500
506
478
481
488
491
530
490
480
498
505
480
489
502
492
531
500
482
502
485
493
492
505
489
530
501
505
480
482
491
495
506
493
484
501
506
481
489
503
493
532
502
480
497
481
491
493
506
491
533
503
506
480
480
491
494
504
489
480
497
502
478
489
489
494
530
488
479
496
477
475
485
499
487
525
483
475
492
499
473
483
481
482
494
479
470
490
496
471
473
482
484
497
482
524
495
497
491
473
470
479
493
482
520
480
473
491
498
472
483
483
486
495
481
471
491
496
490
473
482
481
494
479
520
490
469
489
474
473
484
482
486
524
484
477
495
503
478
488
488
492
529
487
478
495
480
478
489
502
492
531
501
480
498
480
491
489
503
485
528
497
503
496
479
488
488
500
PWM set: -340
509
500
520
522
510
515
513
504
529
504
559
529
513
504
525
526
513
505
523
508
516
520
533
516
535
511
523
540
523
517
537
521
528
533
577
543
549
531
538
581
548
553
525
539
584
552
555
528
541
586
552
554
526
539
553
549
555
527
539
552
534
552
526
539
553
534
526
526
538
554
537
529
528
540
553
534
526
548
539
553
534
525
543
522
530
528
522
542
522
531
535
577
543
522
530
535
576
543
549
520
530
544
540
545
518
529
543
526
518
537
519
528
533
520
538
521
530
535
573
539
544
518
527
541
538
543
518
530
544
526
519
539
519
525
532
519
538
519
526
531
572
541
544
517
530
544
526
543
517
527
539
522
514
532
514
522
528
569
538
543
516
525
540
537
542
517
527
540
521
512
530
512
519
524
565
532
535
509
520
534
516
508
527
508
517
521
562
529
533
507
516
529
513
504
522
503
512
514
526
507
499
518
501
507
512
555
523
528
500
512
526
516
555
523
528
504
512
526
509
501
521
504
512
517
557
526
529
503
507
514
518
556
525
529
504
515
529
512
503
523
506
513
518
560
527
532
505
517
529
514
504
PWM set: -320
607
574
556
547
568
570
556
561
560
549
575
548
607
575
557
547
571
563
610
573
578
558
564
549
570
549
574
555
547
546
558
575
571
576
546
561
607
569
547
552
557
543
565
545
569
550
541
541
555
571
566
572
543
555
598
562
566
545
549
591
559
538
547
551
595
560
542
549
550
541
562
554
568
549
541
541
553
566
563
569
541
552
601
566
572
555
561
608
569
549
576
556
547
546
558
575
569
575
548
564
609
573
552
559
559
550
571
561
576
557
577
550
565
611
574
553
562
569
555
574
564
578
561
579
549
562
608
572
551
558
563
549
570
561
574
555
576
548
562
606
569
573
553
557
600
563
543
550
549
541
560
541
566
547
540
538
551
564
545
563
537
549
565
560
564
536
550
598
564
569
550
555
599
562
540
547
551
538
559
539
546
546
539
562
552
568
552
543
543
555
570
565
570
542
554
598
563
543
551
555
601
564
544
553
554
547
569
560
574
555
577
550
563
608
568
548
558
565
551
572
554
581
561
580
551
563
610
575
555
561
567
554
574
563
579
561
581
549
563
610
572
550
557
562
547
567
547
572
553
546
544
PWM set: -300
596
598
583
588
587
575
604
574
636
603
584
573
597
598
583
589
587
574
573
588
641
604
581
608
588
609
579
595
581
604
594
642
604
583
590
591
611
579
595
645
605
596
613
608
586
595
596
616
587
603
590
612
603
654
614
592
618
597
618
597
604
589
587
600
652
613
592
617
613
618
597
596
585
586
603
654
613
601
617
614
591
601
600
619
588
605
591
589
603
653
614
592
618
614
618
597
597
588
586
602
649
611
601
616
612
589
598
598
616
586
600
585
608
597
612
607
582
590
590
611
580
597
646
604
594
611
608
586
594
596
615
582
596
643
603
594
608
603
608
590
591
582
582
596
647
607
587
615
611
617
598
600
592
589
608
594
618
609
659
620
597
627
624
630
611
614
638
606
626
609
608
627
612
635
625
678
637
629
683
640
615
644
642
621
648
643
616
624
628
650
628
631
651
630
629
618
618
635
619
619
635
620
620
637
688
643
631
685
644
633
685
640
632
649
643
620
648
642
617
647
627
646
623
624
647
627
627
647
613
629
613
610
624
609
631
620
673
632
622
640
637
614
641
633
609
617
616
637
615
615
606
PWM set: -280
644
714
677
656
642
668
670
655
661
659
647
678
645
717
678
658
647
674
663
717
672
663
718
645
663
646
644
662
647
647
662
643
641
660
643
642
658
639
638
656
641
640
656
641
639
656
674
652
650
670
647
648
669
643
644
667
638
652
673
650
650
671
651
652
675
653
653
676
654
653
672
651
650
672
648
648
670
649
649
674
652
653
677
654
654
676
654
652
676
652
650
671
650
652
643
672
668
641
671
667
644
675
669
644
675
669
644
673
665
640
669
663
637
665
662
641
671
668
644
674
670
648
679
674
646
673
668
643
675
669
657
711
668
658
715
668
656
710
665
656
714
672
661
719
676
667
723
651
668
650
649
669
651
651
669
653
653
667
689
665
667
690
669
669
690
689
684
657
687
683
653
683
677
653
686
680
669
726
679
667
724
679
671
728
655
674
656
653
671
655
654
673
689
666
669
692
669
668
689
667
668
660
692
686
660
693
688
664
732
686
675
733
684
674
729
653
672
655
652
672
653
651
672
689
668
669
690
665
665
687
664
663
652
680
675
652
683
677
652
679
674
651
682
678
654
722
675
662
718
670
659
PWM set: -260
726
712
747
711
787
745
721
706
736
739
721
726
724
711
745
709
785
742
735
727
708
719
719
745
744
742
728
788
736
727
710
721
721
744
740
735
722
784
734
724
706
704
718
743
741
734
707
780
729
718
701
696
714
734
710
714
706
736
726
715
771
693
711
694
704
707
732
730
726
698
771
722
709
693
690
708
726
702
704
728
725
720
693
768
720
709
695
691
712
732
708
711
701
732
727
713
774
725
714
693
690
703
728
704
720
692
726
722
710
771
694
711
693
705
706
731
728
721
693
729
727
718
777
698
714
696
709
710
735
733
726
701
775
728
716
700
698
718
736
713
732
703
735
729
717
780
701
718
701
714
712
702
736
733
718
782
730
722
706
716
716
741
739
734
705
776
727
718
701
700
714
736
711
730
703
736
731
718
776
698
715
697
708
708
735
736
728
701
773
723
711
696
695
717
737
710
708
699
731
728
713
770
722
715
697
697
712
737
734
729
700
772
724
711
692
690
709
728
704
704
723
724
720
695
767
718
705
690
689
708
725
699
696
719
717
714
688
719
711
702
760
684
704
684
682
696
718
696
698
686
717
PWM set: -240
806
784
771
803
807
789
795
791
776
813
773
855
809
785
770
799
804
784
790
811
806
801
786
768
767
784
773
809
800
790
770
780
799
771
851
764
787
808
804
799
786
769
766
784
772
803
794
786
765
778
797
769
848
764
785
804
803
801
784
765
761
774
761
797
789
776
758
771
771
760
792
784
775
761
775
780
769
847
794
781
799
770
791
778
843
761
783
800
797
789
772
836
752
766
790
788
784
772
758
760
774
762
799
790
777
760
770
767
756
793
788
780
762
774
772
764
844
793
782
803
776
796
783
851
769
784
812
811
804
794
777
792
794
781
863
809
800
821
795
814
796
866
783
802
795
836
825
813
836
805
827
816
803
800
819
812
892
801
826
848
843
834
822
801
815
835
820
886
801
821
812
894
840
829
849
848
838
826
808
824
841
824
898
807
826
817
898
839
829
853
849
840
827
808
820
839
822
891
801
820
811
892
835
824
846
844
837
823
802
817
836
819
885
798
815
801
841
837
828
850
849
840
814
794
809
813
805
891
805
819
846
841
832
820
800
811
828
811
879
793
810
799
834
826
816
839
811
834
818
794
793
PWM set: -220
872
857
891
895
872
879
875
859
899
853
942
893
864
848
885
890
869
875
875
854
870
895
876
855
869
894
877
857
872
895
873
854
869
891
871
853
869
889
870
851
863
886
870
851
861
884
867
847
863
892
877
856
868
889
869
846
862
888
871
849
864
891
869
846
862
885
865
845
863
887
867
850
864
889
868
848
862
883
864
844
859
882
865
847
863
885
869
850
866
891
875
857
871
893
874
852
865
889
870
850
866
889
868
847
863
887
868
850
862
885
866
846
863
887
869
850
865
887
866
848
864
885
864
843
854
875
858
844
865
889
874
855
865
883
864
847
865
891
878
860
868
888
872
850
863
884
865
843
856
883
864
844
862
887
869
847
861
883
866
847
866
886
868
850
865
887
873
859
873
893
877
855
866
889
873
855
866
890
876
854
867
895
880
859
869
894
877
854
869
894
876
855
871
898
880
862
881
910
891
871
881
904
885
867
886
912
894
874
884
904
882
859
874
901
887
869
885
910
892
870
882
901
883
864
878
902
885
864
878
903
886
870
886
912
893
869
883
907
891
872
889
914
891
871
889
913
899
878
891
915
890
PWM set: -200
979
977
958
1003
953
1056
1000
969
949
987
993
969
977
973
956
1002
955
1059
973
1002
984
965
982
1003
988
969
982
1009
988
965
978
1002
986
963
973
997
978
962
980
1017
1009
984
996
1018
992
967
980
1014
1001
982
996
1024
998
974
994
1022
1002
983
999
1023
997
978
996
1021
1004
988
1008
1031
1010
992
1005
1031
1015
995
1010
1035
1011
989
1008
1043
1024
1002
1015
1040
1018
996
1015
1044
1021
996
1015
1037
1013
993
1012
1042
1019
998
1015
1038
1013
995
1009
1040
1015
993
1010
1031
1006
986
1004
1027
999
978
996
1019
1004
991
1009
1034
1009
987
996
1015
996
976
992
1020
1001
982
998
1023
1002
978
993
1021
1000
980
993
1019
995
970
986
1013
991
974
987
1010
987
967
983
1005
985
969
983
1005
985
968
982
1006
990
973
983
1006
990
970
985
1010
993
971
978
1002
984
960
972
999
978
952
964
993
975
955
977
1004
983
960
972
998
976
958
976
1000
978
959
977
1007
995
975
989
1008
981
954
967
998
984
964
977
1004
984
962
975
1005
984
965
981
1005
986
964
980
1010
993
971
984
1011
990
964
980
1012
993
973
991
1018
995
970
987
1017
991
967
981
1003
982
960
978
1007
988
973
995
1021
1001
982
996
PWM set: -180
1163
1123
1100
1144
1151
1122
1131
1126
1107
1160
1104
1220
1156
1118
1096
1137
1141
1120
1101
1113
1146
1127
1110
1118
1144
1126
1101
1115
1152
1136
1115
1119
1145
1118
1085
1097
1133
1115
1095
1114
1147
1122
1091
1102
1124
1096
1074
1092
1121
1098
1078
1097
1127
1109
1097
1116
1149
1126
1102
1113
1130
1104
1084
1095
1127
1104
1082
1096
1130
1115
1092
1106
1137
1112
1086
1101
1130
1105
1080
1099
1134
1113
1088
1114
1146
1122
1100
1117
1148
1117
1093
1111
1138
1113
1095
1114
1142
1116
1096
1118
1146
1121
1092
1107
1136
1117
1108
1132
1165
1139
1114
1119
1140
1119
1107
1137
1172
1150
1123
1134
1161
1135
1118
1135
1166
1139
1114
1131
1162
1139
1126
1144
1180
1157
1132
1148
1176
1145
1129
1145
1170
1140
1124
1144
1167
1144
1132
1151
1175
1155
1134
1141
1164
1144
1129
1138
1164
1147
1125
1136
1162
1145
1124
1135
1169
1150
1120
1138
1168
1140
1114
1131
1166
1138
1112
1131
1161
1135
1115
1131
1156
1135
1115
1136
1167
1151
1135
1145
1170
1139
1108
1122
1150
1137
1118
1134
1174
1152
1126
1136
1161
1139
1112
1124
1154
1127
1100
1117
1151
1132
1107
1127
1160
1136
1112
1127
1158
1133
1106
1119
1147
1111
1083
1101
1130
1111
1091
1108
1137
1110
1092
1111
1145
1127
1103
1119
1142
1113
1088
1105
1140
1122
1104
1123
1150
1126
1105
1118
1148
1123
1094
PWM set: -160
1477
1407
1555
1476
1427
1402
1452
1463
1430
1443
1435
1409
1474
1405
1548
1471
1425
1483
1467
1508
1589
1413
1472
1430
1459
1446
1452
1435
1432
1424
1435
1462
1441
1394
1533
1389
1458
1430
1474
1478
1405
1423
1422
1400
1462
1447
1420
1405
1405
1419
1449
1430
1462
1455
1441
1419
1411
1404
1411
1453
1436
1455
1451
1445
1427
1419
1396
1403
1447
1423
1440
1434
1428
1405
1373
1508
1372
1394
1367
1512
1370
1397
1364
1497
1358
1375
1352
1494
1342
1359
1340
1486
1341
1360
1342
1481
1327
1345
1316
1438
1291
1322
1316
1463
1331
1365
1333
1455
1307
1320
1304
1450
1326
1367
1352
1492
1331
1350
1327
1456
1311
1337
1316
1459
1318
1341
1325
1465
1326
1349
1326
1465
1315
1328
1315
1455
1316
1346
1332
1479
1323
1337
1324
1466
1320
1338
1322
1461
1297
1320
1316
1451
1305
1330
1320
1451
1302
1331
1323
1459
1317
1342
1317
1444
1299
1323
1306
1437
1296
1314
1293
1433
1300
1325
1310
1443
1299
1308
1292
1440
1299
1338
1334
1471
1314
1316
1295
1420
1278
1326
1329
1471
1315
1337
1317
1440
1291
1320
1303
1427
1287
1318
1301
1434
1297
1331
1309
1441
1306
1329
1299
1424
1281
1302
1283
1424
1288
1311
1298
1429
1295
1325
1312
1448
1304
1327
1310
1441
1300
1332
1319
1457
1315
1343
1324
1456
1313
1342
1322
1447
1302
1327
1313
1440
1303
1332
1315
1456
1314
1338
1315
PWM set: -140
1598
1581
1656
1582
1746
1663
1617
1597
1664
1691
1661
1684
1668
1638
1715
1636
1796
1627
1651
1613
1612
1660
1736
1601
1651
1641
1662
1726
1813
1652
1682
1639
1643
1688
1764
1628
1667
1641
1644
1692
1787
1637
1675
1642
1638
1689
1782
1640
1670
1640
1648
1701
1791
1631
1665
1639
1646
1709
1790
1638
1674
1655
1670
1720
1810
1640
1670
1650
1654
1703
1780
1639
1690
1676
1697
1744
1819
1661
1697
1679
1671
1715
1801
1666
1721
1702
1705
1739
1817
1668
1712
1680
1657
1702
1793
1662
1714
1680
1683
1729
1823
1680
1710
1673
1666
1727
1817
1669
1706
1673
1685
1735
1829
1675
1695
1661
1656
1713
1802
1654
1699
1667
1675
1717
1798
1647
1690
1671
1681
1746
1845
1691
1735
1695
1691
1725
1798
1656
1690
1658
1652
1705
1814
1682
1734
1695
1686
1716
1797
1653
1682
1647
1650
1703
1804
1656
1700
1666
1656
1703
1790
1643
1670
1638
1637
1688
1786
1646
1687
1648
1649
1705
1793
1648
1670
1633
1633
1681
1781
1630
1664
1631
1632
1689
1781
1634
1656
1619
1622
1673
1766
1617
1661
1629
1622
1674
1753
1605
1631
1601
1621
1675
1767
1614
1643
1614
1618
1671
1752
1598
1628
1602
1609
1648
1732
1589
1629
1604
1607
1649
1731
1579
1612
1583
1589
1640
1735
1596
1634
1605
1601
1647
1725
1579
1612
1569
1570
1624
1721
1586
1623
1591
1593
1649
1738
1598
1626
1598
1619
1681
1775
PWM set: -120
2139
2064
2297
2200
2124
2088
2164
2189
2119
2124
2087
2053
2156
2063
2267
2151
2084
2125
2063
2070
2148
2275
2086
2124
2090
2083
2156
2252
2052
2099
2058
2079
2140
2242
2061
2103
2082
2073
2141
2227
2027
2071
2035
2049
2105
2210
2041
2092
2073
2054
2112
2224
2038
2095
2048
2048
2123
2248
2079
2113
2067
2035
2091
2205
2017
2054
2002
2007
2097
2226
2055
2082
2031
2015
2087
2205
2002
2030
1995
2025
2130
2247
2059
2079
2034
2031
2099
2198
1985
2018
1992
2011
2088
2190
2006
2033
1990
1988
2049
2153
1966
2020
2003
2012
2099
2201
2011
2029
1983
1979
2036
2146
1960
2012
2000
2019
2093
2178
1981
1999
1945
1934
1995
2102
1923
1986
1994
2033
2139
2237
2035
2050
1987
1971
2019
2108
1927
1982
1971
1990
2070
2177
1994
2023
1982
1976
2027
2130
1960
2009
1988
1985
2060
2169
1998
2047
2008
2013
2064
2165
1969
1989
1955
1960
2031
2126
1942
1981
1959
1980
2038
2141
1962
2009
2005
2010
2087
2175
1970
2010
1977
1981
2028
2122
1954
2009
1995
1994
2057
2162
1984
2045
2006
1998
2049
2158
1998
2042
2023
2008
2067
2169
1985
2033
1985
1978
2043
2164
2002
2025
1997
2001
2074
2187
2003
2042
1994
1986
2059
2171
1989
2033
2026
2041
2095
2190
1990
2036
2011
2036
2130
2243
2078
2118
2077
2058
2099
2190
1999
2049
2012
2011
2106
2255
2123
2170
2114
2079
2114
2218
2043
PWM set: -100
3018
2849
2748
2713
2824
2861
2770
2794
2758
2736
2870
2750
3010
2869
2783
2759
2853
2809
2760
2837
2983
2732
2814
2768
2748
2854
2976
2751
2805
2760
2752
2847
3011
2736
2778
2737
2716
2818
2938
2697
2747
2718
2736
2846
2991
2692
2726
2681
2679
2805
2921
2700
2789
2783
2770
2830
2951
2671
2711
2665
2642
2747
2896
2678
2769
2754
2746
2838
2965
2693
2737
2699
2654
2761
2899
2656
2704
2642
2639
2716
2848
2606
2669
2648
2610
2711
2859
2639
2729
2691
2665
2700
2790
2533
2596
2599
2620
2791
2968
2736
2799
2705
2641
2662
2761
2542
2628
2646
2634
2775
3007
2815
2886
2775
2714
2791
2925
2690
2757
2718
2706
2863
3060
2777
2815
2738
2743
2865
3005
2783
2822
2795
2776
2904
3059
2768
2819
2772
2762
2864
3003
2793
2866
2824
2802
2921
3082
2812
2903
2862
2838
2927
3080
2878
2943
2916
2883
2987
3191
2950
3048
2962
2885
3010
3230
3053
0
3115
0
3030
0
3055
0
3012
3036
2989
2981
0
3079
0
3102
0
3143
0
3072
0
3065
0
2993
3022
2978
3003
0
3075
0
3020
3070
0
3084
0
3138
3279
2959
3026
0
3024
0
3158
0
3092
2962
0
3043
0
2936
2941
3099
2942
3100
2994
2924
2969
3086
2970
3093
3038
0
3116
3279
2984
3005
2944
2929
0
2977
3032
2846
3005
3034
0
3179
0
3094
2894
3033
2999
2971
0
3290
2966
3037
PWM set: -80
0
4709
0
0
0
0
4530
0
0
0
0
4374
0
0
0
0
0
4690
0
0
0
4765
0
0
0
4822
0
0
0
4815
0
0
0
4932
0
0
0
4593
4460
4620
4788
4681
4655
4577
4617
4945
4709
5025
4739
4629
4658
4849
4886
4645
4633
4609
4644
4959
4701
5099
4840
4634
4517
4676
4836
4734
4651
4593
4698
5050
4878
5310
5089
5017
5033
5096
4993
4782
4853
4913
4965
5249
4925
5277
5007
4843
4758
4954
5225
5213
5049
4844
4906
5382
5228
5629
5320
5294
5238
5310
5297
5064
5163
5285
5358
5532
5107
5450
5187
5036
4874
5016
5173
5081
4976
4829
4843
5329
5210
5551
5169
5005
4890
5057
5163
5013
5000
5025
5071
5247
4891
5324
5130
4962
4842
5013
5252
5235
5121
4921
5023
5586
5397
5675
5207
5007
4958
5340
5578
5308
5193
5096
5090
5234
4907
5382
5209
5121
5077
5286
5547
5498
5471
5281
5263
5611
5476
5982
5530
5297
5318
5725
5707
5301
5280
5278
5401
5832
5485
5846
5601
5573
5352
5495
5686
5585
5521
5411
5602
6098
5817
6211
5637
5404
5388
5766
5852
5524
5457
5470
5599
5757
5333
5800
5545
5389
5186
5226
5334
5196
5235
5168
5219
5568
5297
5657
5208
4944
4925
5428
5772
5514
5341
5214
5400
5738
5279
5642
5312
5233
5191
5320
5434
5373
5465
5297
5185
5539
5269
5568
5123
4984
4987
5344
5564
5304
5150
5017
5088
5448
5043
PWM set: -60
0
0
0
0
0
0
0
0
0
0
0
0
0
0
0
0
0
0
0
0
0
0
0
0
0
0
0
0
0
0
0
0
0
0
0
0
0
0
0
0
0
0
0
0
0
0
0
0
0
0
0
0
0
0
0
0
0
0
0
0
0
0
0
0
0
0
0
0
0
0
0
0
0
0
0
0
0
0
0
0
0
0
0
0
0
0
0
0
0
0
0
0
0
0
0
0
0
0
0
0
0
0
0
0
0
0
0
0
0
0
0
0
0
0
0
0
0
0
0
0
0
0
0
0
0
0
0
0
0
0
0
0
0
0
0
0
0
0
0
0
0
0
0
0
0
0
0
0
0
0
0
0
0
0
0
0
0
0
0
0
0
0
0
0
0
0
0
0
0
0
0
0
0
0
0
0
0
0
0
0
0
0
0
0
0
0
0
0
0
0
0
0
0
0
0
0
0
0
0
0
0
0
0
0
0
0
0
0
0
0
0
0
0
0
0
0
0
0
0
0
0
0
0
0
0
0
0
0
0
0
0
0
0
0
0
0
0
0
0
0
0
0
0
0
0
0
0
0
0
0
0
PWM set: -40
0
0
0
0
0
0
0
0
0
0
0
0
0
0
0
0
0
0
0
0
0
0
0
0
0
0
0
0
0
0
0
0
0
0
0
0
0
0
0
0
0
0
0
0
0
0
0
0
0
0
0
0
0
0
0
0
0
0
0
0
0
0
0
0
0
0
0
0
0
0
0
0
0
0
0
0
0
0
0
0
0
0
0
0
0
0
0
0
0
0
0
0
0
0
0
0
0
0
0
0
0
0
0
0
0
0
0
0
0
0
0
0
0
0
0
0
0
0
0
0
0
0
0
0
0
0
0
0
0
0
0
0
0
0
0
0
0
0
0
0
0
0
0
0
0
0
0
0
0
0
0
0
0
0
0
0
0
0
0
0
0
0
0
0
0
0
0
0
0
0
0
0
0
0
0
0
0
0
0
0
0
0
0
0
0
0
0
0
0
0
0
0
0
0
0
0
0
0
0
0
0
0
0
0
0
0
0
0
0
0
0
0
0
0
0
0
0
0
0
0
0
0
0
0
0
0
0
0
0
0
0
0
0
0
0
0
0
0
0
0
0
0
0
0
0
0
0
0
0
0
0
PWM set: -20
0
0
0
0
0
0
0
0
0
0
0
0
0
0
0
0
0
0
0
0
0
0
0
0
0
0
0
0
0
0
0
0
0
0
0
0
0
0
0
0
0
0
0
0
0
0
0
0
0
0
0
0
0
0
0
0
0
0
0
0
0
0
0
0
0
0
0
0
0
0
0
0
0
0
0
0
0
0
0
0
0
0
0
0
0
0
0
0
0
0
0
0
0
0
0
0
0
0
0
0
0
0
0
0
0
0
0
0
0
0
0
0
0
0
0
0
0
0
0
0
0
0
0
0
0
0
0
0
0
0
0
0
0
0
0
0
0
0
0
0
0
0
0
0
0
0
0
0
0
0
0
0
0
0
0
0
0
0
0
0
0
0
0
0
0
0
0
0
0
0
0
0
0
0
0
0
0
0
0
0
0
0
0
0
0
0
0
0
0
0
0
0
0
0
0
0
0
0
0
0
0
0
0
0
0
0
0
0
0
0
0
0
0
0
0
0
0
0
0
0
0
0
0
0
0
0
0
0
0
0
0
0
0
0
0
0
0
0
0
0
0
0
0
0
0
0
0
0
0
0
0
PWM set: 0
0
0
0
0
0
0
0
0
0
0
0
0
0
0
0
0
0
0
0
0
0
0
0
0
0
0
0
0
0
0
0
0
0
0
0
0
0
0
0
0
0
0
0
0
0
0
0
0
0
0
0
0
0
0
0
0
0
0
0
0
0
0
0
0
0
0
0
0
0
0
0
0
0
0
0
0
0
0
0
0
0
0
0
0
0
0
0
0
0
0
0
0
0
0
0
0
0
0
0
0
0
0
0
0
0
0
0
0
0
0
0
0
0
0
0
0
0
0
0
0
0
0
0
0
0
0
0
0
0
0
0
0
0
0
0
0
0
0
0
0
0
0
0
0
0
0
0
0
0
0
0
0
0
0
0
0
0
0
0
0
0
0
0
0
0
0
0
0
0
0
0
0
0
0
0
0
0
0
0
0
0
0
0
0
0
0
0
0
0
0
0
0
0
0
0
0
0
0
0
0
0
0
0
0
0
0
0
0
0
0
0
0
0
0
0
0
0
0
0
0
0
0
0
0
0
0
0
0
0
0
0
0
0
0
0
0
0
0
0
0
0
0
0
0
0
0
0
0
0
0
0
PWM set: 20
0
0
0
0
0
0
0
0
0
0
0
0
0
0
0
0
0
0
0
0
0
0
0
0
0
0
0
0
0
0
0
0
0
0
0
0
0
0
0
0
0
0
0
0
0
0
0
0
0
0
0
0
0
0
0
0
0
0
0
0
0
0
0
0
0
0
0
0
0
0
0
0
0
0
0
0
0
0
0
0
0
0
0
0
0
0
0
0
0
0
0
0
0
0
0
0
0
0
0
0
0
0
0
0
0
0
0
0
0
0
0
0
0
0
0
0
0
0
0
0
0
0
0
0
0
0
0
0
0
0
0
0
0
0
0
0
0
0
0
0
0
0
0
0
0
0
0
0
0
0
0
0
0
0
0
0
0
0
0
0
0
0
0
0
0
0
0
0
0
0
0
0
0
0
0
0
0
0
0
0
0
0
0
0
0
0
0
0
0
0
0
0
0
0
0
0
0
0
0
0
0
0
0
0
0
0
0
0
0
0
0
0
0
0
0
0
0
0
0
0
0
0
0
0
0
0
0
0
0
0
0
0
0
0
0
0
0
0
0
0
0
0
0
0
0
0
0
0
0
0
0
PWM set: 40
0
0
0
0
0
0
0
0
0
0
0
0
0
0
0
0
0
0
0
0
0
0
0
0
0
0
0
0
0
0
0
0
0
0
0
0
0
0
0
0
0
0
0
0
0
0
0
0
0
0
0
0
0
0
0
0
0
0
0
0
0
0
0
0
0
0
0
0
0
0
0
0
0
0
0
0
0
0
0
0
0
0
0
0
0
0
0
0
0
0
0
0
0
0
0
0
0
0
0
0
0
0
0
0
0
0
0
0
0
0
0
0
0
0
0
0
0
0
0
0
0
0
0
0
0
0
0
0
0
0
0
0
0
0
0
0
0
0
0
0
0
0
0
0
0
0
0
0
0
0
0
0
0
0
0
0
0
0
0
0
0
0
0
0
0
0
0
0
0
0
0
0
0
0
0
0
0
0
0
0
0
0
0
0
0
0
0
0
0
0
0
0
0
0
0
0
0
0
0
0
0
0
0
0
0
0
0
0
0
0
0
0
0
0
0
0
0
0
0
0
0
0
0
0
0
0
0
0
0
0
0
0
0
0
0
0
0
0
0
0
0
0
0
0
0
0
0
0
0
0
0
PWM set: 60
0
0
0
0
0
0
0
0
0
0
0
0
0
0
0
7421
0
0
0
0
0
0
0
0
7169
0
0
0
0
0
0
0
0
0
0
0
0
0
0
0
0
0
0
0
0
0
0
0
0
0
0
0
0
0
0
0
0
0
0
0
0
0
0
0
0
0
0
0
0
0
0
0
7262
0
0
0
0
0
0
0
0
0
0
0
7849
0
0
0
0
8707
0
0
0
0
7490
0
0
0
0
0
0
7621
0
0
7594
0
0
0
0
0
0
0
0
0
7253
0
0
7591
0
0
0
0
8909
0
0
0
0
0
0
0
0
8633
0
0
0
0
0
0
0
0
0
0
0
0
8992
0
0
0
0
0
0
0
0
0
0
0
0
0
0
0
0
0
0
0
0
0
0
0
0
0
0
0
0
0
0
0
0
0
0
0
0
0
0
0
0
0
0
0
0
0
0
0
0
0
0
9231
0
0
0
0
0
0
8040
0
0
0
0
0
0
0
8972
0
0
0
0
0
0
0
0
0
0
0
0
0
0
0
0
0
0
0
0
0
0
0
0
0
0
0
8377
0
0
0
0
0
0
0
0
0
0
0
0
PWM set: 80
0
0
4693
0
0
0
0
4935
0
0
0
4765
0
0
0
4989
0
0
0
4911
0
0
0
4744
0
0
0
4718
0
0
0
0
5040
0
0
0
4765
0
0
0
0
0
0
0
4845
5053
5429
5018
5142
4707
4675
4728
4703
4833
4757
4676
4655
4751
4969
4656
4772
4560
4638
4815
4754
4739
4587
4502
4669
4890
5191
4651
4700
4409
4512
4651
4515
4506
4391
4376
4464
0
4807
4431
4569
4349
4425
4534
4536
4723
4726
4557
4645
4855
5128
4576
4583
4258
4359
4638
4647
4770
4605
4498
4492
0
4982
4647
4793
4546
4640
4819
4818
4833
4697
4513
4603
4784
5097
4642
4680
4406
4496
4726
4645
4736
4596
4556
4676
4856
5077
4642
4803
4636
4711
4839
4790
4900
4825
4667
4694
4836
5148
4700
4688
4401
4499
4809
4777
4930
4785
4587
4595
4697
5020
4611
4774
4545
4628
4763
4700
4716
4560
4411
4525
4707
4920
4474
4557
4348
4386
4550
4449
4463
4368
0
4564
4683
4908
4440
4570
4358
4395
4506
4462
4589
4559
4421
4429
0
4697
0
4334
0
4157
0
4338
4378
0
4131
4303
0
4714
0
4406
4263
4375
4524
4444
4532
4480
4335
4358
0
4652
0
4365
4171
4236
0
4338
4411
4367
0
4317
0
4680
0
4460
4281
4318
4396
4315
4398
0
4235
4262
0
4680
0
4484
4196
4213
0
4257
0
4204
0
4221
0
4711
PWM set: 100
2938
2785
2827
2864
2838
2905
2906
2826
2912
2993
3142
2862
2992
2873
2941
2958
2939
2944
2878
3138
3022
2894
2882
2916
2898
3233
3105
0
3019
2993
2819
2949
2840
2799
2891
2903
2776
2945
2800
2785
2869
2900
2809
2950
2851
2783
2826
2906
2822
3001
2917
2903
2996
3001
2843
2977
2865
2813
2936
3009
2895
3068
2905
2873
2945
2945
2840
2997
2856
2818
2931
3022
2910
3073
2958
2877
2950
2983
2910
3093
2906
2829
2902
2964
2827
2977
2825
2765
2845
2895
2782
2919
2757
2757
2855
2926
2797
2960
2833
2781
2885
2910
2814
3011
2889
2877
2960
3018
2901
3051
2898
2846
2914
2955
2860
2980
2845
2878
2987
3030
2848
2961
2852
2794
2899
2911
2780
2942
2803
2774
2854
2899
2832
2989
2827
2724
2800
2858
2762
2875
2730
2718
2803
2863
2772
2911
2802
2736
2820
2860
2726
2904
2783
2753
2818
2844
2748
2925
2801
2776
2902
2958
2807
2927
2797
2799
2911
2930
2817
2969
2851
2765
2818
2868
2749
2957
2855
2819
2878
2909
2824
2956
2816
2773
2850
2922
2805
3006
2892
2862
2952
2988
2835
2986
2871
2822
2907
2914
2731
2886
2760
2744
2830
2855
2759
2919
2798
2772
2849
2875
2759
2894
2770
2753
2869
2940
2808
2946
2818
2801
2908
2963
2790
2970
2867
2861
2986
3006
2880
3003
2850
2793
2852
2901
2816
2994
2899
2856
2990
3054
2895
3003
2832
2787
2854
2914
2807
2976
2855
2841
2966
PWM set: 120
2110
2157
2178
2168
2228
2236
2163
2230
2295
2426
2193
2282
2154
2179
2176
2155
2203
2108
2244
2160
2142
2228
2277
2179
2278
2149
2132
2181
2209
2111
2224
2150
2173
2269
2307
2200
2293
2162
2111
2140
2172
2083
2210
2135
2122
2185
2222
2118
2229
2103
2087
2149
2197
2091
2201
2122
2132
2207
2236
2117
2217
2106
2101
2167
2188
2085
2204
2117
2100
2168
2201
2095
2213
2108
2109
2162
2188
2101
2220
2133
2113
2166
2208
2131
2272
2184
2155
2198
2214
2102
2217
2111
2101
2180
2231
2154
2284
2154
2110
2149
2171
2080
2204
2122
2116
2189
2244
2132
2230
2116
2084
2134
2149
2053
2186
2113
2115
2189
2228
2122
2237
2120
2099
2153
2173
2073
2187
2100
2105
2187
2227
2129
2244
2134
2095
2137
2159
2082
2239
2150
2138
2182
2214
2119
2250
2150
2115
2152
2180
2103
2237
2168
2177
2276
2328
2191
2292
2165
2117
2172
2218
2141
2291
2216
2214
2278
2299
2192
2298
2188
2153
2200
2246
2183
2320
2234
2221
2260
2298
2177
2293
2194
2152
2213
2245
2150
2303
2205
2178
2223
2252
2172
2302
2197
2160
2206
2237
2167
2321
2232
2226
2279
2298
2178
2309
2204
2171
2232
2265
2184
2334
2244
2232
2286
2298
2183
2288
2169
2143
2233
2300
2211
2336
2223
2204
2248
2260
2134
2238
2132
2124
2214
2264
2180
2327
2228
2193
2236
2257
2172
2284
2178
2153
2227
2288
2205
2342
2236
2198
2225
2231
PWM set: 140
1682
1669
1704
1693
1621
1659
1704
1793
1625
1693
1617
1641
1647
1626
1661
1649
1587
1690
1628
1642
1694
1722
1642
1716
1624
1598
1625
1653
1595
1700
1635
1632
1681
1698
1612
1695
1613
1604
1645
1680
1618
1720
1649
1641
1676
1694
1618
1710
1636
1618
1657
1690
1620
1716
1639
1630
1674
1706
1639
1735
1653
1642
1682
1705
1632
1731
1663
1666
1717
1746
1671
1766
1685
1669
1703
1721
1636
1732
1660
1662
1717
1743
1659
1747
1661
1649
1685
1709
1633
1734
1679
1690
1742
1760
1667
1751
1660
1639
1673
1703
1639
1761
1701
1693
1733
1761
1687
1776
1677
1654
1688
1719
1660
1776
1716
1713
1765
1788
1697
1780
1684
1663
1707
1741
1676
1786
1716
1714
1772
1792
1701
1770
1669
1655
1709
1748
1686
1800
1743
1727
1751
1750
1643
1719
1647
1648
1708
1747
1673
1780
1704
1688
1723
1727
1629
1708
1632
1638
1701
1747
1685
1785
1700
1686
1721
1739
1645
1735
1668
1669
1717
1756
1691
1795
1708
1682
1716
1735
1645
1739
1665
1670
1732
1768
1693
1788
1701
1680
1716
1734
1643
1732
1657
1668
1735
1762
1695
1787
1692
1658
1675
1678
1594
1694
1641
1661
1727
1764
1690
1765
1665
1633
1653
1664
1586
1687
1635
1647
1709
1744
1662
1747
1657
1637
1667
1680
1603
1703
1638
1643
1705
1744
1669
1744
1648
1623
1645
1670
1604
1707
1646
1639
1685
1710
1626
1718
1641
1627
1653
1668
1598
PWM set: 160
1383
1369
1310
1336
1372
1438
1303
1352
1292
1318
1332
1321
1361
1358
1309
1347
1391
1384
1358
1367
1373
1363
1350
1381
1408
1403
1371
1381
1401
1399
1381
1400
1412
1401
1384
1411
1434
1423
1387
1395
1420
1417
1388
1395
1415
1405
1371
1392
1430
1425
1388
1400
1419
1415
1391
1414
1448
1435
1396
1399
1410
1396
1378
1415
1446
1435
1400
1424
1384
1353
1383
1431
1412
1392
1401
1416
1376
1364
1394
1437
1416
1399
1387
1394
1347
1496
1365
1417
1458
1444
1408
1385
1382
1339
1501
1372
1424
1452
1420
1377
1369
1385
1374
1380
1411
1409
1373
1513
1349
1359
1328
1482
1344
1373
1341
1486
1330
1345
1320
1476
1352
1388
1355
1494
1338
1354
1331
1505
1377
1417
1424
1430
1396
1356
1373
1412
1421
1398
1405
1420
1414
1390
1413
1452
1397
1417
1407
1365
1510
1348
1374
1357
1519
1372
1406
1415
1429
1411
1386
1403
1427
1424
1392
1407
1430
1425
1394
1405
1430
1435
1401
1428
1393
1376
1394
1419
1395
1381
1398
1425
1408
1388
1406
1436
1415
1395
1389
1417
1455
1474
1402
1410
1404
1373
1535
1398
1449
1474
1447
1409
1395
1418
1451
1487
1430
1464
1462
1421
1484
1460
1414
1455
1401
1586
1510
1472
1480
1432
1405
1398
1429
1475
1529
1468
1472
1449
1390
1537
1391
1435
1478
1472
1456
1440
1456
1471
1483
1416
1440
1447
1438
1524
1504
1453
1471
1401
1555
1406
1454
1485
1461
PWM set: 180
1131
1161
1202
1269
1157
1209
1160
1185
1195
1183
1211
1203
1152
1178
1209
1268
1148
1151
1174
1158
1155
1177
1205
1175
1141
1150
1182
1166
1160
1182
1201
1165
1141
1148
1176
1155
1147
1168
1188
1162
1139
1152
1179
1165
1152
1167
1190
1164
1140
1150
1182
1169
1158
1169
1189
1153
1131
1149
1188
1174
1158
1169
1185
1147
1128
1148
1183
1169
1152
1168
1193
1163
1146
1167
1197
1177
1158
1173
1191
1159
1147
1168
1197
1176
1156
1168
1187
1163
1148
1170
1203
1190
1166
1170
1192
1169
1149
1166
1195
1171
1155
1169
1193
1170
1152
1171
1199
1173
1157
1172
1193
1166
1149
1167
1192
1172
1170
1188
1205
1172
1150
1170
1205
1187
1172
1182
1200
1167
1150
1173
1213
1196
1174
1178
1193
1171
1157
1179
1218
1197
1167
1159
1171
1148
1148
1179
1218
1191
1161
1156
1167
1144
1146
1184
1217
1183
1144
1142
1162
1148
1147
1176
1205
1173
1138
1141
1167
1157
1161
1189
1208
1172
1135
1135
1162
1155
1155
1174
1190
1156
1125
1136
1169
1161
1152
1162
1178
1152
1134
1152
1187
1167
1146
1158
1182
1157
1139
1160
1190
1166
1150
1166
1187
1161
1147
1164
1188
1164
1150
1170
1193
1164
1147
1161
1186
1167
1155
1165
1183
1153
1134
1144
1175
1163
1149
1164
1192
1167
1144
1152
1177
1159
1147
1165
1193
1168
1146
1160
1189
1170
1157
1178
1203
1173
1150
1165
1197
1183
1175
1192
1208
PWM set: 200
1033
1061
1054
1012
1033
1063
1116
1013
1052
1005
1022
1028
1017
1044
1039
1000
1118
1013
1025
1009
1115
1003
1014
994
1106
1006
1020
1004
1115
1001
1012
993
1109
1011
1030
1012
1113
998
1006
986
1104
1008
1028
1009
1113
998
1009
994
1116
1016
1036
1008
1106
992
1004
995
1119
1023
1037
1011
1110
996
1006
997
1122
1017
1028
1002
1105
994
1007
996
1116
1011
1021
992
1100
994
1013
1006
1124
1011
1017
992
1093
989
1009
995
1107
999
1010
986
1094
995
1014
998
1107
999
1008
986
1097
1002
1013
994
1105
999
1011
988
1102
997
1011
997
1107
1002
1015
994
1106
999
1015
996
1104
995
1007
990
1102
998
1019
1003
1114
1005
1015
993
1101
998
1016
1001
1114
1008
1020
995
1105
1004
1023
1007
1119
1009
1024
1004
1115
1008
1022
1008
1024
1034
1051
1025
1014
1034
1064
1043
1025
1032
1048
1020
1011
1031
1061
1042
1023
1027
1051
1067
1064
1049
1063
1077
1062
1031
1038
1054
1049
1034
1051
1063
1050
1025
991
1104
1004
1021
999
1103
992
1003
989
1110
1009
1025
998
1093
979
992
984
1107
1006
1019
993
1089
977
992
987
1112
1009
1016
988
1087
976
995
987
1104
998
1005
975
1074
971
986
973
1089
987
1000
975
1081
980
999
987
1100
996
1004
977
1082
978
995
981
1092
988
996
976
1087
981
998
981
PWM set: 220
909
875
897
924
971
882
919
878
894
901
892
915
910
876
896
924
970
881
916
896
907
926
924
905
913
925
915
901
912
926
925
905
912
922
914
898
909
928
928
909
913
925
919
902
908
924
921
904
915
927
920
903
908
923
920
902
910
925
917
898
904
920
917
899
909
922
915
894
900
921
919
900
907
920
912
892
903
920
916
899
905
918
909
890
899
917
916
901
907
918
907
887
894
913
913
899
904
916
907
888
902
925
922
902
905
916
909
892
906
926
923
898
901
913
906
893
906
925
918
893
896
906
900
889
901
918
913
892
894
906
902
888
899
915
906
885
887
902
899
886
892
909
902
880
887
904
903
888
895
908
898
877
884
900
897
879
888
903
894
872
880
897
892
875
885
900
893
875
879
892
885
868
874
890
882
866
872
888
883
872
884
902
899
883
885
895
892
877
886
897
891
870
879
897
897
883
896
912
903
880
885
898
896
884
897
912
904
880
887
905
905
894
903
914
907
887
896
916
916
902
908
920
911
890
900
926
928
911
914
924
912
893
903
924
921
905
910
920
913
897
908
926
924
905
909
919
912
898
909
925
924
PWM set: 240
795
827
794
809
817
809
830
824
794
813
838
880
799
829
794
808
813
803
825
807
797
810
826
840
832
814
791
881
803
816
820
803
808
824
836
834
820
829
885
797
806
794
805
819
838
820
806
820
828
843
838
813
797
884
798
834
824
815
824
842
849
842
827
834
850
807
817
800
889
807
840
822
809
818
836
842
834
820
828
883
802
812
798
807
818
836
821
812
829
835
848
839
821
796
887
802
812
799
804
814
834
822
810
827
831
840
830
808
795
885
801
830
808
793
803
820
838
832
813
784
869
786
798
808
798
806
821
826
820
807
820
875
787
791
793
780
794
811
826
816
789
775
861
799
821
805
792
803
807
821
783
798
783
788
796
812
820
819
805
781
867
783
811
794
783
803
812
823
778
787
772
782
794
814
818
808
791
766
852
772
804
787
776
793
800
813
774
785
770
777
788
805
811
805
792
768
854
774
804
787
778
794
799
813
771
780
765
773
784
803
811
801
787
766
852
774
809
792
777
790
796
810
772
783
768
772
782
800
812
812
801
776
859
774
806
791
783
799
802
811
771
784
775
789
799
812
813
806
795
776
867
PWM set: 260
736
774
703
731
702
715
721
713
733
729
700
716
740
777
706
732
701
713
728
710
728
709
697
703
716
722
773
717
734
738
697
706
709
731
718
696
699
708
720
772
699
729
737
730
707
711
703
718
694
769
707
721
735
701
728
711
726
707
695
703
717
722
769
710
728
739
702
711
711
727
718
699
707
716
725
774
701
731
741
736
712
699
709
724
731
781
719
735
743
738
719
727
717
728
733
782
721
737
745
740
721
723
714
729
735
786
725
741
746
740
719
726
718
733
737
785
722
741
751
745
720
722
713
730
739
788
721
734
740
738
722
727
715
725
728
779
721
741
750
742
717
722
716
735
743
790
723
737
745
741
719
722
710
722
729
783
724
740
745
705
715
721
714
728
704
778
714
732
742
706
715
718
734
723
701
707
715
727
738
701
729
713
731
709
693
700
713
719
770
707
722
730
693
703
706
725
712
688
695
710
716
767
707
727
734
696
705
710
729
717
694
700
707
718
769
696
723
731
727
707
715
709
722
696
771
709
721
735
700
727
712
732
712
702
711
718
730
780
704
735
744
739
715
701
707
725
736
787
710
736
741
PWM set: 280
646
667
700
635
659
631
643
647
638
656
653
628
643
665
700
638
663
637
663
667
632
658
666
647
657
698
643
655
702
645
654
694
638
651
696
640
650
694
639
653
700
643
653
695
646
629
635
648
626
634
649
630
636
651
631
638
650
631
636
648
628
636
649
632
638
649
628
635
650
630
636
638
643
657
640
645
660
642
645
663
644
649
666
645
648
663
646
650
670
647
651
667
646
652
669
649
652
668
649
654
667
645
647
665
646
649
663
643
647
664
647
649
661
640
643
664
647
649
663
639
643
663
644
647
659
639
646
664
644
643
655
635
644
662
642
662
624
650
657
628
653
659
625
651
660
630
654
659
628
650
696
639
648
692
637
649
694
638
646
690
635
646
626
638
618
624
638
618
624
637
618
645
625
628
643
626
629
644
625
650
619
643
649
616
643
652
633
640
683
630
642
687
631
638
619
632
616
624
637
616
623
637
621
649
627
629
645
629
631
647
626
651
623
651
657
623
646
653
621
648
687
631
643
691
637
648
690
635
647
691
636
623
628
640
621
629
644
626
630
644
624
631
645
626
631
637
642
658
639
640
656
PWM set: 300
614
587
598
602
594
610
606
583
596
616
649
591
613
588
600
605
596
586
592
602
597
613
594
618
587
611
649
600
611
592
605
587
614
595
598
587
612
620
603
612
655
608
589
594
598
600
616
615
621
592
617
657
605
614
598
610
592
619
600
605
621
621
626
594
613
656
606
618
597
608
591
622
605
605
593
616
624
595
615
654
601
589
598
610
601
615
598
622
591
614
650
597
609
592
603
583
611
593
597
587
610
614
596
608
651
602
581
609
590
593
583
604
611
594
605
588
598
578
605
590
593
582
605
643
591
602
583
595
590
603
587
610
580
599
639
590
577
582
584
586
576
599
606
585
596
578
590
587
601
583
606
577
601
642
592
574
580
588
592
582
603
609
594
603
581
592
576
608
592
613
580
602
644
596
606
587
597
596
613
595
617
585
611
650
599
606
588
602
586
617
598
599
588
614
622
601
610
652
607
590
596
600
604
617
618
625
593
618
657
604
614
597
610
591
621
603
606
621
620
624
593
615
658
606
614
595
609
592
625
604
606
594
619
628
597
614
654
601
592
598
607
599
616
602
606
594
616
622
604
616
658
PWM set: 320
550
571
549
560
564
556
572
569
546
558
576
606
550
570
547
557
561
542
548
552
574
545
565
551
564
557
549
569
609
564
546
571
573
581
562
570
551
556
561
552
570
609
566
563
578
574
579
561
549
555
555
578
551
573
610
563
555
570
570
604
554
541
568
551
574
553
562
543
545
566
538
558
541
547
552
542
561
601
556
550
540
561
596
553
537
563
559
592
546
534
559
557
563
545
533
558
541
562
545
531
556
539
561
544
531
535
536
559
542
529
532
535
559
542
530
534
537
560
544
530
535
540
564
549
555
537
542
566
538
555
539
543
547
539
557
539
551
547
539
558
598
554
550
541
563
597
553
536
562
562
597
552
538
564
546
567
549
535
541
543
565
547
556
540
542
565
537
557
541
543
546
538
558
541
552
546
537
561
596
551
545
560
563
596
551
532
560
561
595
547
533
560
562
566
547
535
541
546
567
546
556
542
547
567
537
558
540
544
547
536
557
539
550
546
536
554
591
548
543
535
556
591
548
544
535
556
591
548
544
558
557
592
549
531
556
555
590
548
531
557
557
594
548
535
560
557
564
547
532
559
544
PWM set: 340
521
518
497
509
526
553
501
521
500
509
510
504
519
516
495
506
550
509
505
498
515
499
500
521
508
503
495
511
494
500
544
503
500
491
508
490
507
541
502
495
493
482
506
505
486
490
511
495
494
485
502
488
505
536
499
495
495
483
506
505
485
489
508
494
495
487
503
487
508
538
499
496
497
487
512
513
544
505
518
501
488
515
515
497
502
521
505
494
519
519
552
506
527
510
497
521
520
553
512
508
502
500
524
521
554
514
509
500
518
505
510
530
512
499
505
523
505
510
531
517
504
527
525
558
515
510
501
522
508
511
530
513
514
507
523
505
509
530
514
500
525
526
559
516
512
504
522
505
508
555
515
511
502
520
504
507
527
512
501
525
523
555
516
529
512
501
525
525
555
516
513
505
521
506
511
534
518
505
529
532
564
522
519
512
532
515
518
538
522
510
535
533
568
528
523
514
530
515
518
539
519
508
532
531
564
522
517
508
524
507
510
533
516
502
526
527
561
520
514
505
522
506
524
556
514
510
504
521
503
508
527
510
498
522
521
501
506
526
510
498
524
523
553
513
508
501
498
521
519
554
511
PWM set: 360
477
492
489
469
481
497
522
473
494
473
480
484
477
492
488
469
497
485
481
481
469
495
489
473
477
523
486
498
480
468
474
491
494
493
525
481
499
482
482
476
471
496
495
479
481
499
485
482
482
469
492
490
476
479
522
485
497
479
466
470
486
492
490
471
475
495
479
474
476
465
468
483
487
487
516
473
492
478
474
473
462
464
479
484
483
464
469
513
475
488
473
473
465
462
484
480
466
470
512
477
490
473
473
469
465
488
482
470
488
516
473
494
480
480
470
469
493
493
473
478
524
487
482
482
470
494
489
474
493
525
488
499
482
471
475
490
494
494
523
478
499
482
483
474
472
494
494
476
479
498
486
483
482
470
493
488
474
491
518
481
496
477
476
467
466
489
489
470
474
518
480
491
477
466
468
482
486
487
468
471
514
477
488
471
470
464
459
483
477
463
483
511
467
488
475
471
470
460
464
479
482
482
463
469
512
475
489
473
474
465
461
485
481
464
482
513
469
489
476
472
471
460
463
478
482
482
462
466
511
475
486
469
470
464
459
482
479
463
481
509
467
486
472
469
469
459
463
478
482
483
464
PWM set: 380
450
432
439
443
436
450
446
429
438
453
475
431
449
430
437
441
427
431
427
430
426
429
443
447
444
450
444
448
443
449
443
446
442
449
444
431
449
431
447
430
448
433
448
431
448
432
449
431
436
477
436
477
435
475
435
477
438
479
444
454
443
455
442
453
441
454
441
451
435
436
435
436
437
438
436
434
435
434
433
433
436
434
433
432
433
433
431
430
431
431
428
429
428
429
428
429
428
426
425
426
425
424
428
439
428
439
427
439
428
440
429
441
425
464
427
466
426
467
427
468
430
469
430
471
431
471
432
474
434
453
442
456
443
454
443
457
446
456
443
442
442
443
442
444
444
434
438
437
439
437
459
456
461
456
463
462
444
459
443
448
488
446
487
452
464
452
464
448
449
448
449
448
436
440
437
441
438
459
456
460
456
441
457
441
458
442
444
485
444
486
443
462
451
463
450
461
445
446
446
446
446
435
438
436
440
436
440
455
459
454
458
457
441
457
440
459
489
445
486
446
486
450
463
450
462
451
447
447
447
446
447
439
436
438
434
438
452
456
451
457
453
456
453
436
454
438
453
438
441
482
441
PWM set: 400
434
418
428
443
464
423
439
421
428
432
426
437
434
418
428
443
422
418
421
427
428
426
427
427
426
427
427
427
428
427
429
429
430
431
430
430
429
428
431
432
433
431
432
433
432
432
433
435
434
434
435
435
435
435
436
436
436
436
436
435
435
436
430
426
428
426
430
427
429
427
431
427
430
426
429
425
427
442
448
442
445
441
445
442
446
442
445
442
446
442
445
441
444
440
444
438
444
437
442
437
441
438
442
436
441
436
441
437
440
437
443
435
441
438
441
436
442
437
441
435
440
437
441
437
442
438
443
439
443
439
443
437
443
439
443
439
445
440
445
441
446
442
448
441
447
443
447
442
449
444
448
444
448
444
430
447
432
449
431
446
432
447
431
447
432
448
473
433
473
432
471
432
473
431
471
430
470
428
468
427
468
427
469
429
469
427
467
427
466
425
465
426
466
426
466
425
423
436
421
436
423
437
422
438
422
437
420
437
422
438
422
438
422
437
422
432
437
434
438
434
438
434
438
433
437
434
439
437
440
435
440
436
420
419
423
419
420
419
422
418
421
420
423
421
423
420
423
420
423
421
424
Done!
