PWM set: -400
494
476
466
486
487
474
478
475
463
490
464
520
493
475
463
483
470
513
481
485
477
455
455
463
480
463
503
458
448
471
473
469
448
448
456
457
459
475
456
498
452
441
462
464
458
462
438
439
448
447
447
448
462
446
484
441
484
441
430
451
428
450
453
449
452
449
427
427
425
425
435
434
434
435
435
434
435
450
435
449
434
450
431
472
430
471
428
470
441
421
442
420
443
420
442
444
441
445
442
445
442
445
424
423
426
425
426
436
435
434
435
434
452
437
450
434
450
434
474
431
473
432
475
431
423
444
422
444
422
443
447
442
446
442
446
441
422
423
424
424
424
435
434
435
437
438
440
454
438
454
435
478
434
478
434
427
448
425
446
424
445
448
444
448
445
424
424
422
422
421
421
430
430
428
428
427
428
426
428
427
445
430
446
433
449
434
449
430
474
431
475
433
476
447
426
449
427
449
453
450
453
430
431
432
431
442
443
441
444
458
443
459
440
485
441
433
455
433
455
457
453
432
433
434
434
445
445
444
461
446
462
445
489
445
437
459
460
456
460
436
436
436
446
447
447
464
449
463
445
489
446
PWM set: -380
476
473
462
489
464
519
492
474
464
485
486
471
475
473
461
488
520
487
466
487
465
465
474
492
478
519
486
463
485
462
464
474
491
476
517
483
458
480
457
457
467
466
469
509
462
452
476
477
472
450
451
461
461
462
477
456
447
468
445
465
469
446
447
457
455
473
459
501
456
446
469
471
466
444
443
442
452
451
468
454
467
448
493
462
439
461
464
459
439
438
437
447
447
447
448
463
447
488
443
487
456
433
456
458
456
461
436
435
436
447
447
449
463
449
488
442
486
456
433
455
458
455
458
436
436
438
448
448
449
467
453
466
449
494
462
440
462
464
461
439
441
450
449
448
465
450
464
446
490
447
439
462
465
461
465
440
439
449
448
449
451
465
450
490
445
437
458
437
459
462
459
437
438
447
448
447
466
451
466
447
491
445
437
460
462
458
463
440
439
439
450
452
456
470
452
498
452
443
466
469
464
443
444
454
454
454
471
456
498
452
442
465
466
463
465
441
441
453
453
455
456
471
452
496
466
441
462
465
460
440
441
441
452
453
472
456
497
452
496
466
443
464
469
445
443
453
454
453
454
469
452
PWM set: -360
461
451
475
451
506
480
464
454
475
477
464
468
466
455
480
455
484
471
513
468
458
481
485
461
460
472
474
490
471
462
488
494
469
479
479
483
529
498
475
499
476
488
490
505
485
477
500
476
488
489
508
488
480
505
482
495
495
514
491
484
507
481
492
495
511
488
480
503
479
490
492
507
485
475
497
475
477
487
504
483
474
497
501
475
485
502
485
529
493
494
491
466
476
474
490
469
515
481
482
480
458
459
470
488
474
515
481
458
479
481
456
465
464
466
480
461
508
474
450
473
452
453
464
464
468
484
464
510
478
479
477
455
456
466
484
469
511
463
455
476
479
454
453
466
465
484
468
511
479
456
476
480
456
454
464
466
480
461
508
475
452
473
476
453
464
463
465
482
463
509
477
455
477
457
457
468
469
472
513
467
458
481
483
458
458
470
473
488
470
462
484
487
484
462
473
472
487
466
512
479
481
477
455
456
466
466
469
511
465
455
479
481
458
455
466
465
482
466
507
476
453
477
479
455
454
466
468
484
466
514
483
484
482
461
474
473
492
474
522
488
491
488
465
477
477
495
477
468
493
497
475
PWM set: -340
536
537
521
526
525
513
542
512
578
547
526
515
540
542
525
529
527
580
543
547
520
532
585
545
550
534
537
589
551
527
539
541
525
553
529
561
538
525
526
539
560
553
555
526
540
592
554
558
542
543
594
554
528
540
536
524
551
540
563
540
558
528
541
595
557
561
545
547
598
557
532
544
540
528
528
543
564
557
560
530
543
596
554
527
537
539
589
547
522
535
532
521
544
519
551
528
516
539
515
547
524
512
536
511
543
516
506
530
507
519
521
505
530
507
518
520
568
533
536
518
520
568
531
533
506
517
537
514
532
504
516
535
511
500
525
498
509
511
558
523
524
497
509
558
523
525
498
508
527
504
492
515
489
500
502
549
515
518
512
487
500
504
552
516
518
493
504
523
499
490
514
489
499
502
548
513
515
488
500
519
499
491
516
493
505
506
554
518
522
495
507
526
504
496
519
495
507
509
556
519
522
496
509
529
506
497
522
499
510
514
563
526
526
499
510
528
523
523
497
509
527
504
495
520
496
507
511
559
524
526
499
510
530
508
497
521
497
510
512
559
523
497
510
512
559
524
527
497
508
527
506
PWM set: -320
550
549
536
566
536
604
572
552
539
568
569
552
556
555
543
571
541
555
559
614
572
546
579
556
576
546
562
613
572
546
582
559
579
549
565
620
578
552
587
563
584
552
567
619
580
554
587
581
585
567
570
553
579
564
587
581
579
561
563
548
576
561
583
574
574
556
557
542
568
542
576
550
570
538
551
601
562
534
546
547
530
556
543
564
539
557
528
541
562
555
558
529
542
594
554
526
539
542
527
552
530
562
541
532
532
545
567
559
561
529
544
599
560
534
544
543
534
562
550
571
565
571
543
559
613
573
548
583
559
579
549
564
617
576
549
584
560
582
552
568
623
581
554
589
584
585
568
569
553
581
567
589
581
585
569
571
557
557
569
624
583
556
568
567
587
555
569
618
577
551
586
562
580
548
562
617
574
546
581
557
577
546
559
610
571
544
555
551
538
538
551
570
561
563
546
546
595
553
526
538
540
524
547
521
555
531
520
546
533
553
529
519
520
534
556
532
550
519
532
551
544
546
517
530
580
544
546
520
530
583
545
548
521
534
585
548
552
534
536
586
548
521
532
534
519
546
519
530
529
518
544
PWM set: -300
597
579
583
581
567
599
567
637
603
581
567
595
596
578
583
580
567
635
592
579
600
592
564
579
576
565
566
579
634
592
580
604
595
567
579
575
564
563
578
632
591
565
600
594
596
577
576
564
564
577
634
592
565
598
592
596
578
579
562
562
579
635
595
567
604
580
602
583
585
570
571
587
641
597
571
608
604
577
592
591
610
581
598
582
585
599
659
615
600
659
616
587
624
617
590
606
605
628
609
607
629
595
611
594
595
612
597
599
612
670
627
612
675
631
615
677
634
605
644
636
605
643
636
606
645
637
607
644
617
638
616
616
642
625
623
645
621
618
642
624
624
648
625
623
646
613
629
610
611
626
610
613
628
612
614
630
614
614
630
613
612
629
613
612
630
612
611
631
614
615
633
613
614
631
612
615
632
614
617
633
615
646
631
692
644
629
689
642
627
690
645
631
691
644
628
687
643
628
689
645
627
687
639
626
686
641
625
684
638
624
686
642
626
648
643
613
655
647
615
655
649
617
658
649
615
654
644
613
651
642
610
649
641
611
648
640
609
647
640
608
646
637
638
618
613
630
608
606
629
612
610
PWM set: -280
636
633
619
653
619
697
660
636
622
652
654
635
639
636
622
657
621
698
651
637
698
651
634
696
650
637
699
651
635
695
648
634
695
649
635
695
651
638
697
651
635
696
652
636
620
621
636
620
623
638
621
622
639
623
624
639
622
622
640
623
623
638
621
622
642
626
628
646
628
629
648
667
649
649
675
656
653
675
653
649
638
677
668
633
671
664
635
674
665
647
709
662
647
709
659
646
712
667
652
714
636
653
636
636
654
633
634
650
632
632
645
666
644
642
665
644
641
663
643
639
664
643
642
665
670
666
638
679
669
636
673
667
636
712
664
650
712
665
649
708
659
644
705
658
642
625
628
645
628
631
648
632
635
651
633
634
652
672
652
650
673
652
650
675
655
651
638
678
670
638
678
670
637
675
665
649
712
663
647
709
661
644
708
660
647
634
638
654
637
635
649
632
634
652
634
647
644
668
649
648
672
649
647
672
652
670
638
677
669
638
680
674
641
720
669
655
723
674
661
726
646
664
649
649
668
688
665
664
689
666
664
650
691
685
653
693
684
669
734
685
672
652
652
668
650
667
666
689
665
662
647
PWM set: -260
678
715
678
761
720
692
676
708
710
691
694
692
676
716
678
762
722
695
715
697
767
717
703
687
705
702
729
734
725
706
775
724
712
697
715
714
703
748
738
723
704
705
720
747
752
745
728
799
715
735
757
735
755
718
805
752
736
715
732
729
716
761
750
733
719
719
733
762
768
761
744
728
726
741
765
766
760
742
724
727
743
767
768
760
738
720
722
736
760
765
757
735
810
720
737
758
732
749
716
803
748
733
712
730
729
717
760
747
726
707
708
723
746
749
739
717
785
701
720
738
714
731
693
734
723
703
684
684
699
718
696
692
678
720
712
694
767
686
704
686
701
696
720
724
716
682
765
712
698
677
675
689
715
694
713
678
720
711
697
766
684
703
683
701
696
684
727
717
698
767
717
704
687
705
700
727
731
721
705
774
718
705
685
702
701
727
728
719
701
766
715
704
683
684
697
721
725
715
679
761
711
699
684
686
703
721
699
719
689
732
720
706
689
688
708
729
704
721
685
726
716
701
683
686
706
726
703
703
689
730
721
704
771
686
706
727
706
705
690
734
724
707
774
692
709
730
707
705
693
735
727
PWM set: -240
823
827
802
809
806
788
831
786
884
837
804
787
825
830
805
811
809
792
836
841
826
810
832
838
835
817
798
814
833
809
783
780
796
783
875
779
800
818
820
807
787
767
788
809
773
868
775
790
818
827
814
800
822
796
817
801
787
809
809
796
893
794
811
794
887
833
817
840
846
835
823
844
818
842
818
796
821
847
825
807
829
826
808
909
811
825
810
912
814
826
809
908
811
829
812
865
852
835
861
871
865
854
874
877
862
841
863
874
867
855
877
883
868
850
874
879
866
851
873
878
863
844
867
869
856
840
859
867
854
837
863
869
856
838
858
866
850
834
860
839
860
839
819
837
859
838
821
840
861
841
821
840
862
841
821
838
861
843
822
843
869
848
825
846
870
850
829
850
874
849
831
849
867
844
824
846
869
849
835
853
873
850
827
843
864
846
828
847
873
852
829
846
870
850
826
843
868
846
823
844
870
848
827
846
871
845
821
838
861
839
820
839
865
840
818
839
861
840
821
840
864
836
814
832
857
838
817
837
864
836
815
838
862
839
819
838
836
819
920
821
837
821
921
822
840
822
922
824
841
822
915
PWM set: -220
844
947
897
863
842
880
881
855
861
855
835
881
832
931
880
846
827
864
867
847
829
852
877
854
832
852
878
858
839
860
881
856
834
851
874
851
831
851
872
849
829
847
871
851
835
856
878
857
839
855
879
863
844
866
895
875
855
873
896
873
847
865
887
863
839
857
883
860
838
859
884
862
842
863
889
861
837
854
873
847
826
846
868
845
823
841
862
840
822
844
870
849
830
850
869
841
821
841
868
847
827
850
870
850
828
851
876
853
835
855
880
857
836
858
881
859
843
867
891
867
847
870
894
871
852
875
895
871
854
878
902
879
863
880
901
880
862
881
905
882
862
878
899
875
854
879
903
880
859
877
901
879
859
884
910
886
865
885
908
884
865
888
908
880
861
882
904
886
870
891
909
884
860
877
900
878
859
878
897
877
858
877
901
880
860
878
902
880
855
874
898
875
852
873
897
874
851
872
896
871
849
868
889
867
845
865
889
865
847
870
894
874
854
877
901
878
860
878
902
877
856
874
896
872
851
870
896
874
854
874
898
878
861
886
911
889
862
878
900
875
852
871
895
871
849
875
901
879
855
872
894
PWM set: -200
1059
1064
1031
1039
1037
1014
1070
1009
1128
1068
1027
1005
1050
1055
1022
1030
1001
1123
1004
1021
1002
1123
1002
1020
999
999
1021
1051
1021
997
1018
1043
1015
994
1018
1050
1024
999
1015
1038
1010
985
1003
1030
1002
971
985
1013
986
960
979
1010
981
954
978
1007
981
959
980
1010
977
954
974
998
969
946
965
989
958
937
959
987
965
942
961
985
956
935
955
984
961
934
952
976
947
923
947
980
960
938
964
992
965
945
967
995
970
946
969
994
968
947
972
1003
979
961
988
1013
982
958
976
1001
974
951
974
998
969
951
975
1009
982
966
996
1024
998
980
998
1025
997
978
1005
1032
1007
989
1013
1045
1016
995
1019
1043
1012
985
1007
1038
1011
993
1017
1045
1014
993
1018
1047
1013
991
1019
1046
1026
1011
1041
1071
1042
1018
1032
1056
1038
1021
1046
1084
1061
1039
1056
1084
1061
1033
1050
1080
1050
1023
1043
1076
1051
1024
1052
1089
1053
1026
1046
1070
1040
1014
1037
1064
1032
1012
1032
1061
1038
1018
1041
1069
1041
1016
1034
1065
1039
1013
1034
1063
1037
1011
1031
1063
1039
1013
1033
1063
1031
1006
1027
1055
1025
995
1015
1039
1008
985
1003
1033
1003
974
991
1017
988
966
989
1023
994
968
988
1012
980
955
976
1007
980
960
988
1021
994
971
990
PWM set: -180
1147
1103
1079
1129
1134
1097
1104
1097
1075
1134
1074
1203
1141
1100
1076
1123
1131
1103
1081
1107
1140
1111
1092
1119
1149
1121
1094
1113
1144
1113
1090
1114
1148
1123
1096
1121
1158
1129
1104
1127
1161
1131
1099
1125
1162
1128
1106
1138
1178
1148
1121
1152
1180
1143
1122
1149
1180
1151
1126
1150
1181
1150
1127
1149
1184
1154
1130
1157
1196
1169
1143
1161
1196
1156
1118
1143
1188
1163
1142
1177
1220
1181
1148
1176
1211
1176
1150
1175
1206
1166
1138
1168
1201
1167
1142
1168
1203
1169
1143
1173
1210
1182
1156
1179
1210
1172
1144
1173
1213
1185
1158
1188
1222
1182
1157
1190
1222
1190
1165
1199
1236
1197
1174
1203
1238
1205
1178
1206
1247
1214
1192
1221
1254
1217
1189
1212
1244
1203
1175
1202
1230
1183
1152
1180
1225
1200
1191
1230
1259
1220
1193
1214
1240
1209
1198
1236
1277
1248
1213
1229
1264
1230
1203
1225
1261
1233
1204
1234
1278
1239
1209
1231
1267
1230
1201
1226
1261
1221
1198
1227
1258
1222
1194
1219
1241
1205
1184
1203
1232
1202
1173
1194
1233
1206
1182
1202
1245
1216
1188
1213
1256
1225
1197
1218
1260
1226
1191
1223
1268
1237
1205
1231
1274
1234
1207
1243
1282
1255
1225
1243
1281
1244
1224
1257
1298
1269
1235
1252
1287
1246
1214
1258
1312
1283
1253
1281
1317
1266
1235
1267
1306
1265
1235
1266
1307
1267
1240
1270
1304
1269
1238
PWM set: -160
1717
1629
1834
1739
1675
1637
1715
1726
1676
1686
1679
1651
1754
1653
1835
1727
1661
1694
1651
1662
1726
1837
1654
1672
1631
1624
1679
1756
1590
1632
1603
1623
1669
1747
1579
1608
1581
1585
1633
1712
1562
1614
1590
1614
1667
1756
1606
1648
1636
1631
1681
1768
1609
1652
1605
1613
1677
1787
1647
1705
1713
1757
1872
2009
1842
1871
1785
1757
1785
1840
1650
1674
1655
1657
1715
1812
1651
1708
1664
1663
1694
1746
1575
1609
1581
1574
1618
1720
1588
1662
1639
1646
1695
1781
1644
1697
1675
1659
1705
1814
1663
1719
1662
1647
1711
1818
1691
1731
1680
1680
1740
1846
1682
1714
1662
1658
1725
1813
1653
1683
1634
1633
1681
1778
1608
1642
1594
1591
1639
1710
1561
1599
1555
1554
1595
1686
1540
1581
1551
1545
1588
1669
1524
1552
1503
1498
1541
1561
1484
1572
1528
1488
1504
1605
1529
1589
1537
1493
1499
1600
1506
1585
1543
1512
1528
1619
1528
1595
1554
1521
1524
1622
1529
1612
1571
1527
1528
1611
1521
1584
1542
1504
1505
1606
1512
1591
1542
1492
1500
1590
1499
1574
1535
1504
1505
1599
1499
1567
1510
1460
1459
1532
1495
1446
1454
1439
1538
1446
1464
1464
1512
1503
1406
1428
1436
1408
1493
1469
1434
1391
1383
1396
1427
1398
1371
1545
1424
1470
1440
1474
1559
1381
1444
1388
1433
1434
1350
1365
1366
1345
1426
1403
1365
1341
1344
1377
1399
1369
1334
1493
1324
PWM set: -140
1582
1554
1627
1635
1582
1592
1587
1560
1650
1564
1754
1665
1611
1577
1645
1654
1602
1603
1657
1763
1610
1650
1613
1623
1695
1801
1654
1693
1649
1651
1709
1815
1657
1701
1665
1672
1734
1826
1671
1712
1672
1661
1702
1806
1655
1708
1678
1678
1748
1854
1701
1743
1689
1670
1714
1815
1648
1673
1622
1629
1707
1817
1670
1710
1664
1663
1719
1822
1652
1678
1631
1624
1683
1786
1630
1669
1633
1644
1706
1814
1652
1685
1644
1641
1699
1791
1626
1665
1624
1629
1680
1778
1621
1655
1618
1613
1671
1771
1621
1671
1629
1639
1707
1818
1657
1689
1656
1655
1719
1826
1670
1714
1666
1675
1735
1833
1667
1704
1673
1673
1737
1839
1672
1717
1674
1677
1733
1812
1644
1676
1638
1644
1707
1811
1651
1699
1661
1666
1719
1807
1648
1682
1647
1645
1699
1803
1642
1680
1632
1628
1686
1777
1624
1654
1622
1630
1695
1796
1631
1665
1620
1626
1684
1774
1621
1671
1655
1669
1723
1812
1633
1658
1612
1601
1636
1712
1566
1621
1612
1640
1704
1810
1650
1692
1650
1627
1659
1734
1574
1610
1571
1574
1626
1727
1574
1611
1564
1557
1611
1707
1566
1606
1566
1570
1625
1730
1571
1598
1551
1544
1596
1686
1534
1569
1531
1538
1590
1684
1537
1575
1548
1549
1606
1711
1571
1623
1592
1602
1648
1738
1581
1621
1579
1565
1613
1705
1553
1592
1550
1553
1605
1706
1571
1620
1582
1578
1635
1734
1588
1630
1579
PWM set: -120
2210
2225
2159
2168
2166
2119
2238
2115
2362
2238
2157
2102
2196
2211
2143
2137
2123
2199
2312
2108
2172
2123
2145
2227
2355
2139
2151
2098
2089
2164
2286
2097
2186
2165
2176
2241
2344
2101
2118
2071
2062
2126
2230
2035
2127
2124
2156
2232
2330
2114
2155
2105
2061
2094
2206
2013
2080
2031
2030
2096
2195
1993
2012
1955
1945
2012
2138
1952
2014
1986
2001
2093
2220
2041
2089
2053
2041
2101
2220
2012
2071
2031
2044
2145
2267
2085
2143
2110
2096
2155
2273
2062
2115
2070
2078
2163
2264
2068
2130
2092
2072
2131
2284
2101
2176
2124
2107
2190
2304
2114
2147
2078
2065
2127
2249
2054
2129
2098
2104
2217
2351
2151
2181
2108
2105
2173
2304
2103
2173
2148
2156
2259
2387
2177
2219
2143
2137
2211
2355
2166
2232
2197
2174
2240
2358
2179
2245
2195
2230
2323
2482
2278
2310
2236
2173
2244
2376
2177
2203
2102
2105
2212
2390
2215
2272
2226
2207
2303
2436
2209
2223
2146
2166
2256
2389
2178
2221
2182
2175
2274
2396
2168
2217
2153
2182
2276
2402
2188
2226
2181
2168
2251
2400
2187
2253
2207
2238
2345
2479
2285
2340
2298
2275
2374
2542
2304
2372
2287
2286
2393
2522
2298
2310
2225
2230
2365
2530
2282
2342
2294
2290
2377
2461
2218
2237
2187
2211
2326
2479
2240
2297
2244
2235
2325
2428
2207
2238
2200
2213
2281
2396
2182
2252
2205
2199
2294
2396
2187
2234
2196
2207
PWM set: -100
2588
2572
2545
2473
2619
2466
2769
2611
2538
2494
2651
2695
2628
2635
2652
2602
2778
2926
2683
2704
2597
2551
2621
2798
2574
2651
2596
2607
2771
2946
2762
2828
2718
2678
2766
2933
2674
2720
2667
2663
2804
2944
2680
2724
2634
2607
2700
2882
2623
2660
2606
2594
2703
2814
2551
2600
2523
2501
2563
2701
2462
2518
2468
2448
2543
2677
2437
2491
2417
2399
2482
2640
2411
2457
2398
2390
2494
2635
2404
2460
2382
2382
2473
2631
2396
2430
2382
2379
2484
2629
2393
2457
2393
2392
2480
2610
2365
2397
2349
2346
2452
2583
2349
2415
2358
2351
2426
2545
2328
2384
2352
2346
2441
2586
2370
2438
2378
2364
2442
2564
2348
2388
2322
2316
2417
2563
2319
2369
2308
2310
2406
2575
2391
2466
2445
2444
2535
2647
2366
2383
2309
2302
2391
2519
2319
2422
2448
2509
2634
2774
2491
2532
2455
2439
2516
2654
2471
2600
2596
2591
2667
2803
2538
2601
2537
2512
2607
2761
2576
2673
2635
2629
2705
2847
2575
2638
2578
2558
2671
2816
2604
2686
2643
2662
2777
2948
2669
2739
2708
2694
2801
2935
2718
2837
2787
2782
2868
3010
2728
2814
2785
2739
2847
2998
2764
2848
2752
2702
2760
2893
2663
2759
2711
2644
2740
2865
2608
2658
2558
2538
2612
2741
2489
2531
2488
2466
2576
2707
2468
2529
2469
2471
2547
2674
2427
2474
2418
2407
2503
2632
2398
2475
2418
2401
2470
2600
2384
2459
2429
2421
2514
PWM set: -80
4208
4181
4580
4158
4568
4152
4088
4003
4408
4508
4515
4464
4573
4366
4608
4182
4679
4299
4130
4509
4702
4861
4692
4729
4564
4873
4367
4847
4483
4593
4640
5246
5101
4909
4683
4728
4519
4862
4476
5183
4925
5035
4785
5177
5172
5116
4762
4721
4520
4918
4613
5284
4899
5035
4915
5382
5168
4883
4655
4822
4752
5184
4812
5662
5294
5364
5033
5465
5410
5440
5122
5173
4934
5529
5265
6037
5424
5523
5249
5860
5575
5358
5091
5361
5303
5781
5204
6170
5729
5685
5226
5759
5730
5877
5554
5588
5198
5693
5257
5965
5284
5274
4954
5475
5326
5076
4801
4946
4829
5184
4632
5207
4841
5063
4960
5485
5498
5556
5202
5131
4961
5540
5257
6148
5486
5467
5109
5593
5368
5072
4802
4954
4904
5421
4889
5567
5206
5586
5258
5612
5620
5675
5373
5440
5297
5900
5355
6241
5571
5585
5279
5977
5827
5604
5364
5755
5837
6625
5670
6523
6052
6526
5970
6294
5997
5990
5664
5902
5722
6407
5716
6567
5789
5919
5587
6391
6240
6022
5571
5830
5906
6701
5628
6570
6114
6434
5941
6486
6254
6256
5855
6217
5951
6762
5969
6917
5957
6116
5760
6458
6359
6266
5700
6017
5982
6697
5669
6509
6160
7084
6808
7432
6850
6789
6401
6819
6238
6847
6140
7556
6631
6620
5928
6748
6671
6437
5805
6012
5935
6905
5945
6791
6303
6846
6350
6717
6213
6051
5699
6247
6173
7194
6260
7334
6591
6671
6051
6975
6946
6795
6187
PWM set: -60
0
0
0
0
0
0
0
0
0
0
0
0
0
0
0
0
0
0
0
0
0
0
0
0
0
0
0
0
0
0
0
0
0
0
0
0
0
0
0
0
0
0
0
0
0
0
0
0
0
0
0
0
0
0
0
0
0
0
0
0
0
0
0
0
0
0
0
0
0
0
0
0
0
0
0
0
0
0
0
0
0
0
0
0
0
0
0
0
0
0
0
0
0
0
0
0
0
0
0
0
0
0
0
0
0
0
0
0
0
0
0
0
0
0
0
0
0
0
0
0
0
0
0
0
0
0
0
0
0
0
0
0
0
0
0
0
0
0
0
0
0
0
0
0
0
0
0
0
0
0
0
0
0
0
0
0
0
0
0
0
0
0
0
0
0
0
0
0
0
0
0
0
0
0
0
0
0
0
0
0
0
0
0
0
0
0
0
0
0
0
0
0
0
0
0
0
0
0
0
0
0
0
0
0
0
0
0
0
0
0
0
0
0
0
0
0
0
0
0
0
0
0
0
0
0
0
0
0
0
0
0
0
0
0
0
0
0
0
0
0
0
0
0
0
0
0
0
0
0
0
0
PWM set: -40
0
0
0
0
0
0
0
0
0
0
0
0
0
0
0
0
0
0
0
0
0
0
0
0
0
0
0
0
0
0
0
0
0
0
0
0
0
0
0
0
0
0
0
0
0
0
0
0
0
0
0
0
0
0
0
0
0
0
0
0
0
0
0
0
0
0
0
0
0
0
0
0
0
0
0
0
0
0
0
0
0
0
0
0
0
0
0
0
0
0
0
0
0
0
0
0
0
0
0
0
0
0
0
0
0
0
0
0
0
0
0
0
0
0
0
0
0
0
0
0
0
0
0
0
0
0
0
0
0
0
0
0
0
0
0
0
0
0
0
0
0
0
0
0
0
0
0
0
0
0
0
0
0
0
0
0
0
0
0
0
0
0
0
0
0
0
0
0
0
0
0
0
0
0
0
0
0
0
0
0
0
0
0
0
0
0
0
0
0
0
0
0
0
0
0
0
0
0
0
0
0
0
0
0
0
0
0
0
0
0
0
0
0
0
0
0
0
0
0
0
0
0
0
0
0
0
0
0
0
0
0
0
0
0
0
0
0
0
0
0
0
0
0
0
0
0
0
0
0
0
0
PWM set: -20
0
0
0
0
0
0
0
0
0
0
0
0
0
0
0
0
0
0
0
0
0
0
0
0
0
0
0
0
0
0
0
0
0
0
0
0
0
0
0
0
0
0
0
0
0
0
0
0
0
0
0
0
0
0
0
0
0
0
0
0
0
0
0
0
0
0
0
0
0
0
0
0
0
0
0
0
0
0
0
0
0
0
0
0
0
0
0
0
0
0
0
0
0
0
0
0
0
0
0
0
0
0
0
0
0
0
0
0
0
0
0
0
0
0
0
0
0
0
0
0
0
0
0
0
0
0
0
0
0
0
0
0
0
0
0
0
0
0
0
0
0
0
0
0
0
0
0
0
0
0
0
0
0
0
0
0
0
0
0
0
0
0
0
0
0
0
0
0
0
0
0
0
0
0
0
0
0
0
0
0
0
0
0
0
0
0
0
0
0
0
0
0
0
0
0
0
0
0
0
0
0
0
0
0
0
0
0
0
0
0
0
0
0
0
0
0
0
0
0
0
0
0
0
0
0
0
0
0
0
0
0
0
0
0
0
0
0
0
0
0
0
0
0
0
0
0
0
0
0
0
0
PWM set: 0
0
0
0
0
0
0
0
0
0
0
0
0
0
0
0
0
0
0
0
0
0
0
0
0
0
0
0
0
0
0
0
0
0
0
0
0
0
0
0
0
0
0
0
0
0
0
0
0
0
0
0
0
0
0
0
0
0
0
0
0
0
0
0
0
0
0
0
0
0
0
0
0
0
0
0
0
0
0
0
0
0
0
0
0
0
0
0
0
0
0
0
0
0
0
0
0
0
0
0
0
0
0
0
0
0
0
0
0
0
0
0
0
0
0
0
0
0
0
0
0
0
0
0
0
0
0
0
0
0
0
0
0
0
0
0
0
0
0
0
0
0
0
0
0
0
0
0
0
0
0
0
0
0
0
0
0
0
0
0
0
0
0
0
0
0
0
0
0
0
0
0
0
0
0
0
0
0
0
0
0
0
0
0
0
0
0
0
0
0
0
0
0
0
0
0
0
0
0
0
0
0
0
0
0
0
0
0
0
0
0
0
0
0
0
0
0
0
0
0
0
0
0
0
0
0
0
0
0
0
0
0
0
0
0
0
0
0
0
0
0
0
0
0
0
0
0
0
0
0
0
0
PWM set: 20
0
0
0
0
0
0
0
0
0
0
0
0
0
0
0
0
0
0
0
0
0
0
0
0
0
0
0
0
0
0
0
0
0
0
0
0
0
0
0
0
0
0
0
0
0
0
0
0
0
0
0
0
0
0
0
0
0
0
0
0
0
0
0
0
0
0
0
0
0
0
0
0
0
0
0
0
0
0
0
0
0
0
0
0
0
0
0
0
0
0
0
0
0
0
0
0
0
0
0
0
0
0
0
0
0
0
0
0
0
0
0
0
0
0
0
0
0
0
0
0
0
0
0
0
0
0
0
0
0
0
0
0
0
0
0
0
0
0
0
0
0
0
0
0
0
0
0
0
0
0
0
0
0
0
0
0
0
0
0
0
0
0
0
0
0
0
0
0
0
0
0
0
0
0
0
0
0
0
0
0
0
0
0
0
0
0
0
0
0
0
0
0
0
0
0
0
0
0
0
0
0
0
0
0
0
0
0
0
0
0
0
0
0
0
0
0
0
0
0
0
0
0
0
0
0
0
0
0
0
0
0
0
0
0
0
0
0
0
0
0
0
0
0
0
0
0
0
0
0
0
0
PWM set: 40
0
0
0
0
0
0
0
0
0
0
0
0
0
0
0
0
0
0
0
0
0
0
0
0
0
0
0
0
0
0
0
0
0
0
0
0
0
0
0
0
0
0
0
0
0
0
0
0
0
0
0
0
0
0
0
0
0
0
0
0
0
0
0
0
0
0
0
0
0
0
0
0
0
0
0
0
0
0
0
0
0
0
0
0
0
0
0
0
0
0
0
0
0
0
0
0
0
0
0
0
0
0
0
0
0
0
0
0
0
0
0
0
0
0
0
0
0
0
0
0
0
0
0
0
0
0
0
0
0
0
0
0
0
0
0
0
0
0
0
0
0
0
0
0
0
0
0
0
0
0
0
0
0
0
0
0
0
0
0
0
0
0
0
0
0
0
0
0
0
0
0
0
0
0
0
0
0
0
0
0
0
0
0
0
0
0
0
0
0
0
0
0
0
0
0
0
0
0
0
0
0
0
0
0
0
0
0
0
0
0
0
0
0
0
0
0
0
0
0
0
0
0
0
0
0
0
0
0
0
0
0
0
0
0
0
0
0
0
0
0
0
0
0
0
0
0
0
0
0
0
0
PWM set: 60
23277
0
0
22330
28321
24978
0
0
0
0
28124
0
0
0
0
0
0
0
0
0
0
0
0
0
0
0
0
0
0
0
0
0
0
0
0
0
0
0
0
0
0
0
0
0
0
0
0
0
0
0
0
0
0
0
0
0
0
0
0
0
0
0
0
0
0
0
0
0
0
0
0
0
0
0
0
0
0
0
0
0
0
0
0
0
0
0
0
0
0
0
0
0
0
0
0
0
0
0
0
0
0
0
0
0
0
0
0
0
0
0
0
0
0
0
0
0
0
0
0
0
0
0
0
0
0
0
0
0
0
0
0
0
0
0
0
0
0
0
0
0
0
0
0
0
0
0
0
0
0
0
0
0
0
0
0
0
0
0
0
0
0
0
0
0
0
0
0
0
0
0
0
0
0
0
0
0
0
0
0
0
0
0
0
0
0
0
0
0
0
0
0
0
0
0
0
0
0
0
0
0
0
0
0
0
0
0
0
0
0
0
0
0
0
0
0
0
0
0
0
0
0
0
0
0
0
0
0
0
0
0
0
0
0
0
0
0
0
0
0
0
0
0
0
0
0
0
0
0
0
0
0
PWM set: 80
5689
5651
5978
5393
5806
5320
5580
5503
5654
5545
5797
5534
5959
6003
6486
5784
6083
5486
5756
5717
5637
5591
5634
5312
5513
5606
6137
5457
5791
5136
5427
5429
5679
5550
5603
5419
5897
6090
6404
5576
5863
5386
5621
5581
5511
5499
5543
5281
5533
5586
6097
5320
5678
5040
5345
5292
5472
5537
5556
5255
5503
5520
5853
5081
5305
4927
5350
5557
5537
5360
5304
4997
5275
5220
5605
4882
5175
4654
4902
4958
5062
5048
5000
4737
4969
5109
5452
4783
5052
4722
5025
5022
4992
4920
4885
4629
4956
4948
5316
4677
4969
4496
4598
4663
4771
4892
4910
4740
4955
5003
5351
4754
4995
4538
4827
5000
5060
4862
4794
4527
4832
4847
5258
4691
5052
4621
4706
4683
4668
4691
4681
4474
4754
4871
5206
4512
4713
4330
4581
4600
4584
4558
4664
4507
4783
4748
5063
4454
4685
4342
4491
4606
4698
4884
4938
4595
4755
4767
5149
4552
4835
4451
4742
4883
4975
4845
4798
4553
4862
4909
5219
4536
4745
4456
4672
4812
4866
4919
4906
4552
4799
4855
5285
4645
4972
4599
4834
4778
4688
4578
4624
4481
4784
4805
5061
4451
4696
4430
4613
4687
4703
4707
4763
4458
4672
4679
5105
4554
4793
4373
4580
4602
4607
4577
4569
4322
4553
4635
4939
4347
4527
4250
4472
4570
4666
4641
4630
4311
4610
4716
5170
4618
4836
4367
4449
4406
4416
4440
4481
4306
4539
4590
4861
4316
4577
4294
4459
4442
4586
4670
4800
PWM set: 100
2739
2731
2786
2785
2652
2770
2865
3048
2721
2849
2661
2719
2720
2709
2743
2732
2579
2751
2617
2639
2787
2858
2708
2883
2714
2667
2768
2879
2710
2918
2786
2720
2779
2830
2677
2833
2689
2648
2718
2775
2591
2788
2626
2601
2696
2753
2623
2817
2676
2631
2698
2715
2537
2741
2630
2607
2717
2739
2612
2810
2634
2574
2607
2619
2466
2682
2578
2577
2687
2764
2651
2803
2623
2575
2623
2670
2528
2750
2646
2635
2778
2828
2648
2820
2658
2619
2706
2750
2621
2849
2711
2714
2878
2943
2775
2915
2735
2694
2742
2783
2657
2900
2842
2799
2864
2886
2720
2938
2770
2742
2775
2815
2708
2925
2795
2799
2927
2934
2756
2937
2770
2745
2840
2917
2775
2961
2826
2769
2859
2899
2750
2968
2791
2776
2829
2896
2815
3018
2896
2892
2965
2935
2740
2925
2805
2766
2850
2891
2714
2892
2802
2779
2901
2939
2773
2994
2791
2727
2831
2866
2745
2930
2807
2785
2889
2959
2779
2967
2758
2658
2740
2866
2762
2938
2784
2771
2898
2928
2690
2850
2675
2656
2776
2837
2708
2888
2740
2710
2760
2769
2593
2767
2623
2615
2737
2784
2641
2862
2739
2700
2752
2805
2647
2853
2658
2602
2698
2750
2657
2891
2764
2698
2750
2794
2617
2753
2587
2585
2756
2844
2684
2870
2690
2638
2713
2801
2691
2889
2736
2712
2811
2828
2726
2987
2895
2882
2915
2929
2762
2981
2899
2885
2992
3062
2921
3165
3023
3018
3156
3182
3026
PWM set: 120
2423
2400
2280
2370
2458
2638
2373
2511
2344
2397
2391
2374
2414
2402
2293
2385
2465
2343
2310
2383
2424
2301
2457
2298
2236
2286
2325
2229
2426
2312
2291
2341
2365
2217
2335
2231
2218
2301
2355
2248
2417
2296
2260
2338
2366
2223
2352
2201
2149
2241
2320
2232
2386
2225
2215
2276
2286
2129
2250
2143
2129
2205
2249
2133
2330
2246
2219
2255
2254
2105
2233
2104
2091
2182
2240
2124
2294
2180
2161
2205
2209
2079
2210
2109
2111
2209
2269
2158
2313
2180
2129
2175
2221
2123
2275
2133
2110
2183
2233
2129
2312
2213
2204
2240
2227
2085
2196
2081
2083
2181
2247
2147
2322
2188
2128
2168
2195
2089
2240
2118
2116
2206
2261
2146
2282
2135
2102
2161
2198
2085
2203
2083
2075
2142
2191
2068
2207
2091
2081
2150
2180
2044
2180
2058
2037
2100
2139
2034
2184
2069
2047
2103
2122
2000
2126
2001
1986
2055
2115
2018
2176
2062
2030
2071
2087
1967
2111
2005
1997
2070
2134
2056
2198
2067
2015
2053
2071
1952
2089
1980
1981
2071
2154
2053
2189
2066
2047
2120
2137
2001
2122
2000
2000
2107
2178
2097
2242
2108
2070
2126
2159
2047
2187
2074
2073
2162
2235
2120
2270
2154
2114
2167
2169
2039
2185
2085
2094
2203
2282
2209
2351
2181
2120
2162
2193
2089
2261
2152
2148
2225
2276
2148
2281
2155
2113
2167
2194
2097
2288
2191
2174
2252
2287
2165
2310
2183
2164
2206
2259
2167
2356
PWM set: 140
1605
1656
1706
1793
1598
1663
1573
1613
1626
1615
1665
1663
1590
1649
1711
1812
1632
1634
1686
1712
1609
1696
1580
1554
1602
1644
1578
1705
1628
1615
1658
1682
1575
1668
1571
1563
1623
1674
1607
1736
1642
1626
1662
1672
1559
1650
1554
1544
1605
1660
1604
1732
1642
1624
1660
1679
1575
1674
1575
1565
1628
1684
1619
1739
1639
1622
1661
1681
1585
1691
1606
1600
1665
1714
1631
1744
1639
1620
1660
1683
1588
1699
1607
1603
1675
1726
1652
1755
1637
1602
1637
1658
1577
1687
1604
1608
1679
1724
1632
1743
1642
1620
1649
1667
1580
1709
1633
1632
1696
1722
1626
1724
1614
1593
1630
1654
1571
1683
1597
1589
1639
1666
1580
1703
1614
1599
1629
1649
1564
1678
1594
1586
1640
1679
1602
1713
1613
1593
1636
1662
1574
1680
1589
1587
1647
1691
1603
1710
1605
1583
1627
1661
1591
1710
1624
1622
1688
1726
1630
1721
1602
1569
1606
1634
1552
1668
1595
1603
1661
1691
1597
1711
1617
1589
1627
1648
1562
1683
1615
1624
1687
1713
1615
1709
1594
1567
1605
1631
1560
1679
1595
1590
1634
1675
1590
1696
1588
1555
1592
1624
1551
1676
1607
1609
1661
1678
1573
1661
1544
1514
1565
1608
1545
1662
1577
1576
1629
1658
1558
1643
1529
1504
1556
1601
1529
1645
1559
1555
1606
1647
1565
1658
1552
1530
1576
1615
1538
1648
1558
1547
1600
1636
1544
1633
1534
1519
1579
1614
1542
1661
1580
PWM set: 160
1351
1421
1275
1331
1267
1301
1311
1301
1344
1345
1287
1332
1382
1456
1302
1357
1283
1295
1266
1427
1282
1329
1317
1474
1293
1297
1259
1420
1280
1331
1317
1485
1304
1312
1275
1437
1296
1347
1391
1412
1378
1335
1347
1372
1366
1353
1388
1411
1374
1329
1348
1389
1393
1368
1407
1326
1474
1304
1335
1321
1508
1347
1389
1414
1388
1344
1326
1359
1410
1457
1379
1401
1402
1381
1472
1436
1394
1448
1387
1569
1468
1436
1471
1444
1570
1393
1443
1477
1453
1424
1417
1466
1485
1452
1407
1402
1451
1492
1470
1455
1448
1494
1516
1460
1588
1409
1458
1498
1486
1635
1533
1488
1518
1439
1524
1492
1451
1454
1442
1546
1463
1452
1484
1518
1481
1428
1407
1444
1495
1485
1460
1443
1485
1503
1460
1579
1402
1452
1491
1478
1463
1464
1514
1532
1435
1604
1500
1461
1523
1462
1570
1482
1459
1493
1494
1462
1421
1416
1459
1511
1495
1470
1453
1486
1493
1439
1573
1407
1458
1493
1476
1615
1504
1451
1464
1421
1548
1382
1427
1459
1439
1405
1384
1394
1417
1442
1364
1388
1392
1374
1474
1447
1399
1421
1343
1501
1340
1392
1431
1408
1367
1347
1363
1394
1425
1355
1391
1401
1376
1472
1444
1392
1419
1347
1531
1373
1424
1452
1430
1405
1387
1400
1433
1470
1399
1428
1428
1400
1499
1465
1410
1442
1375
1554
1455
1428
1463
1445
1580
1391
1432
1458
1436
1408
1402
1440
1469
1487
1391
1407
1403
PWM set: 180
1150
1135
1167
1156
1102
1135
1177
1241
1114
1166
1111
1141
1152
1141
1177
1171
1116
1249
1107
1125
1095
1223
1088
1110
1089
1229
1094
1108
1078
1218
1084
1111
1098
1234
1093
1111
1091
1232
1098
1120
1095
1225
1082
1093
1074
1217
1085
1113
1091
1219
1073
1089
1069
1201
1075
1103
1077
1205
1070
1090
1068
1202
1074
1098
1072
1199
1065
1088
1065
1198
1069
1091
1068
1208
1075
1095
1069
1206
1079
1110
1089
1223
1082
1100
1076
1212
1084
1107
1088
1225
1086
1111
1094
1236
1098
1128
1109
1245
1098
1114
1088
1219
1086
1115
1093
1225
1083
1102
1080
1217
1088
1109
1079
1207
1064
1078
1056
1195
1069
1091
1065
1188
1053
1073
1057
1205
1079
1098
1067
1190
1052
1074
1061
1200
1069
1088
1068
1197
1061
1087
1069
1207
1076
1095
1068
1197
1061
1085
1067
1200
1071
1096
1076
1207
1079
1106
1087
1231
1093
1105
1077
1214
1084
1109
1087
1220
1084
1104
1079
1213
1082
1105
1079
1212
1080
1106
1084
1220
1085
1106
1082
1218
1084
1105
1079
1208
1078
1104
1083
1218
1081
1101
1075
1204
1072
1097
1082
1219
1080
1095
1066
1199
1076
1104
1086
1221
1075
1083
1053
1185
1063
1093
1078
1217
1078
1093
1067
1199
1068
1099
1081
1212
1065
1080
1059
1195
1066
1091
1072
1206
1064
1083
1067
1202
1077
1110
1085
1208
1065
1082
1060
1200
1080
1105
1081
1213
1070
1087
1070
1215
1082
PWM set: 200
1056
1007
1032
1043
1032
1068
1062
1015
1048
1090
1149
1033
1081
1028
1055
1063
1051
1023
1146
1020
1040
1028
1165
1036
1053
1025
1147
1020
1048
1039
1172
1039
1051
1024
1148
1025
1056
1041
1167
1028
1035
1002
1124
1006
1038
1021
1149
1021
1033
1001
1128
1013
1042
1022
1140
1000
1010
988
1121
1002
1022
1002
1122
993
1006
989
1122
1010
1041
1018
1133
994
1018
986
1116
999
1036
1051
1069
1043
1014
1030
1055
1046
1027
1040
1064
1048
1029
1044
1064
1042
1023
1039
1065
1049
1028
1040
1059
1043
1027
1044
1071
1055
1030
1041
1063
1049
1033
1048
1067
1044
1016
1029
1053
1042
1024
1039
1054
1025
996
1009
1035
1021
1005
1022
1036
1012
989
1003
1027
1016
1001
1014
1032
961
978
960
1086
973
998
975
1090
969
987
976
1107
989
1004
976
1090
969
988
979
1111
989
1006
982
1100
981
1006
994
1118
989
1007
982
1102
980
1005
988
1114
990
1004
978
1096
978
1006
994
1125
1002
1025
1000
1127
1007
1034
1016
1146
1016
1028
1006
1134
1009
1039
1026
1152
1016
1026
999
1125
1004
1034
1020
1150
1026
1042
1020
1146
1021
1047
1034
1163
1032
1052
1026
1150
1022
1046
1028
1158
1032
1048
1022
1143
1016
1041
1026
1145
1011
1024
1002
1130
1011
1034
1012
1136
1000
1008
986
1114
997
1031
1052
1080
1057
1028
1040
1067
1050
1031
1053
1077
PWM set: 220
871
906
953
856
892
850
870
878
869
897
892
853
878
909
955
855
889
845
864
887
870
851
863
887
866
846
859
890
874
860
873
897
871
849
860
889
873
859
874
896
872
851
864
895
880
866
878
899
876
855
867
892
877
861
871
892
869
850
864
899
883
861
867
887
861
845
860
893
876
856
859
878
860
847
867
894
874
849
855
873
852
835
851
876
858
839
846
869
850
835
850
877
856
834
843
866
851
839
857
882
860
833
836
857
843
831
852
881
858
832
836
860
845
830
847
872
855
829
837
863
850
837
853
876
850
826
835
859
841
825
839
863
844
824
837
862
849
839
853
874
851
828
837
861
845
830
842
863
840
817
827
853
839
824
836
862
844
824
833
855
836
855
845
856
871
849
832
846
868
858
844
855
868
847
830
845
868
817
830
810
908
808
824
816
923
822
834
812
910
808
828
818
925
825
839
821
921
819
838
828
932
827
840
821
920
818
837
823
833
845
866
845
830
848
878
861
841
847
865
844
829
843
872
853
834
845
867
851
837
851
877
860
846
855
881
864
848
858
883
867
850
864
891
874
855
871
901
884
869
881
909
PWM set: 240
809
832
827
787
807
837
878
787
817
779
797
805
795
823
819
782
807
839
883
783
794
774
779
790
816
800
784
803
811
825
808
786
772
869
772
810
791
775
786
804
821
805
792
768
864
769
783
794
777
787
811
822
807
795
808
869
774
786
770
775
789
811
793
812
796
809
825
771
784
770
871
792
811
792
776
795
812
835
820
801
772
868
770
790
801
782
792
811
825
814
806
822
840
781
790
775
873
782
827
810
791
798
816
829
819
806
819
833
770
782
768
867
793
817
799
778
791
802
824
814
791
775
865
764
806
792
779
792
809
821
801
789
768
865
769
782
788
767
779
803
817
802
789
800
855
760
774
757
764
777
797
807
789
774
751
847
753
790
771
755
771
787
806
755
766
749
750
755
779
795
781
771
746
835
737
778
767
755
771
778
789
733
745
734
743
755
771
784
766
745
736
748
761
780
787
771
759
739
835
743
775
756
769
755
769
827
735
747
752
735
752
765
783
731
745
751
734
746
768
782
728
739
724
731
745
764
781
764
737
723
733
747
768
779
762
732
715
723
738
757
771
717
728
736
724
741
755
808
716
753
738
PWM set: 260
695
721
758
679
705
672
688
696
688
713
711
680
701
728
766
686
715
680
687
673
674
693
705
757
685
702
709
667
702
688
703
681
669
675
691
702
754
685
700
715
668
704
690
704
683
672
678
693
706
758
688
707
717
672
686
695
708
696
673
679
690
708
764
682
717
727
714
693
702
691
705
715
765
696
718
732
683
696
703
691
710
690
777
703
722
734
686
702
711
696
710
691
779
713
736
752
736
714
702
709
721
739
751
700
713
722
742
731
708
795
719
742
757
747
724
709
713
719
741
761
715
727
734
716
732
748
807
717
756
738
749
739
720
812
738
759
767
754
732
720
726
737
751
767
714
728
738
722
737
746
802
715
755
739
753
737
710
797
725
748
760
745
724
709
712
722
736
753
709
722
728
711
727
738
795
707
740
721
732
719
701
790
717
734
742
696
713
728
714
723
731
782
698
739
728
742
725
697
784
716
742
755
703
713
718
703
722
735
788
698
731
713
731
712
696
697
705
717
771
687
723
707
717
693
682
691
702
717
769
684
717
728
715
696
684
687
701
714
769
702
723
735
721
700
707
693
710
721
773
702
723
PWM set: 280
668
663
634
651
676
712
638
666
634
650
657
649
670
668
638
657
682
718
650
663
677
634
669
681
634
663
673
628
659
668
622
653
662
621
655
664
618
650
660
618
650
659
614
646
657
615
647
657
614
645
657
614
646
658
616
646
657
615
648
660
615
646
656
613
647
656
612
643
655
613
648
656
611
642
654
613
646
656
614
645
658
618
651
660
614
645
656
615
646
689
625
642
695
633
646
689
623
640
689
627
640
685
624
642
691
631
645
691
629
643
691
629
640
687
626
642
691
629
643
688
625
640
685
622
604
611
627
611
616
628
607
610
624
606
612
626
606
609
616
623
636
616
622
634
615
623
637
619
623
635
619
652
607
636
645
603
636
649
604
634
644
602
635
681
617
630
673
611
628
674
612
624
601
618
601
606
619
599
606
624
603
630
607
613
629
613
616
627
606
640
599
633
641
598
631
643
603
633
674
612
628
673
612
626
671
611
599
605
619
600
604
617
599
605
609
616
628
610
617
628
610
618
600
632
641
600
632
642
600
633
645
606
638
685
623
639
687
627
642
689
628
646
696
635
650
697
637
654
709
646
660
PWM set: 300
621
594
610
635
667
598
621
592
605
609
602
622
620
591
608
632
665
620
602
609
618
617
627
586
616
624
596
610
654
595
581
584
596
577
606
590
594
604
605
615
577
604
648
588
602
581
594
575
604
585
595
608
609
617
576
607
651
591
602
578
594
577
582
588
592
606
612
624
583
614
655
597
612
658
596
581
588
603
585
612
591
598
610
612
623
580
610
653
594
609
653
597
579
583
596
595
605
589
594
578
610
620
581
606
649
592
604
581
594
575
604
587
593
573
601
611
573
602
646
585
570
575
589
588
598
577
606
568
599
637
577
590
573
587
567
591
570
600
562
590
627
569
558
565
578
575
584
588
598
574
585
625
572
554
582
564
591
552
581
626
570
554
557
563
570
553
579
616
560
547
550
555
560
543
573
612
556
543
546
551
580
542
566
607
559
543
569
552
579
554
566
546
559
556
569
570
612
556
543
547
552
561
545
573
611
558
550
557
560
568
553
584
623
564
551
556
566
572
581
579
589
568
582
558
570
568
581
584
592
553
579
624
571
554
579
561
592
556
582
621
569
554
558
561
567
551
581
622
567
551
555
PWM set: 320
547
522
534
538
529
548
545
520
535
557
586
526
548
522
535
540
532
539
524
550
589
543
541
551
551
590
539
527
552
534
563
540
553
533
538
545
531
558
599
550
549
561
564
602
548
536
542
547
553
538
564
608
558
542
568
551
581
556
572
549
561
559
570
573
580
556
568
548
563
559
543
572
614
559
544
546
551
558
544
571
608
556
541
569
551
576
537
565
544
556
552
561
563
605
548
534
538
546
575
538
561
601
554
553
563
563
573
548
535
539
543
550
534
558
599
547
545
555
557
593
540
525
550
533
560
534
547
526
532
559
523
545
525
529
537
523
545
587
539
539
525
552
588
539
523
548
551
590
539
528
553
535
564
541
554
532
537
544
531
558
599
548
547
559
563
572
546
535
542
547
554
538
565
608
558
539
564
568
580
556
570
546
560
558
570
572
580
556
571
551
555
559
543
572
611
556
543
548
554
561
545
572
610
558
542
567
549
575
539
564
542
554
550
560
559
597
543
528
554
536
567
540
553
531
537
544
526
548
587
542
543
552
551
587
540
525
551
550
558
537
525
529
533
558
534
546
525
529
557
522
547
PWM set: 340
486
500
521
547
490
510
487
497
499
493
510
507
483
497
517
542
487
492
544
498
497
483
506
487
490
513
491
497
483
503
484
490
514
489
476
478
501
481
484
507
486
489
474
494
476
483
532
486
487
474
496
496
497
530
488
505
483
472
497
498
475
482
505
482
471
471
492
473
478
528
484
483
470
471
492
494
527
479
503
480
469
471
492
472
476
527
485
484
470
492
497
500
534
489
489
487
475
499
504
541
497
516
494
485
510
512
548
503
505
490
513
495
501
526
503
492
518
520
556
510
508
496
518
498
503
529
507
496
522
524
561
514
515
500
523
504
516
515
500
522
503
509
537
513
500
527
529
565
512
498
524
526
561
513
513
499
524
502
505
532
509
497
522
522
560
513
513
497
522
558
512
510
494
518
499
503
527
500
490
514
515
549
504
524
501
489
513
516
551
505
504
489
514
496
500
526
502
490
514
516
551
506
507
493
517
496
501
526
504
492
517
518
556
511
510
494
518
499
503
528
504
493
518
518
551
505
506
493
514
494
500
528
504
489
513
516
550
502
502
489
513
492
512
546
502
502
484
507
488
493
520
PWM set: 360
493
442
461
439
448
453
447
461
459
437
450
468
492
441
459
437
445
493
452
468
451
451
448
436
437
440
462
458
441
461
442
446
493
449
472
455
454
451
442
441
441
465
464
448
466
499
452
497
456
473
452
454
442
441
441
462
462
462
443
463
496
450
473
458
457
453
442
442
444
464
463
445
466
445
448
495
456
472
450
451
450
441
440
461
464
462
443
462
495
448
492
452
469
448
450
446
437
438
436
460
459
443
462
442
449
496
455
471
454
454
450
440
441
442
464
463
446
466
500
452
500
459
477
456
461
449
451
473
475
455
460
509
466
484
464
469
456
477
479
481
462
467
492
476
477
462
462
488
491
469
474
500
479
483
467
488
490
493
525
482
503
481
471
493
494
475
481
505
483
487
475
494
474
495
528
483
481
478
467
492
493
470
474
498
479
478
464
463
489
491
523
474
498
475
477
464
486
488
489
519
477
494
474
461
461
482
465
484
514
465
489
466
468
454
455
477
478
457
462
510
467
483
463
467
453
473
474
476
456
460
510
469
468
463
454
454
474
474
475
457
463
486
469
469
465
455
479
479
462
483
515
PWM set: 380
435
453
431
440
444
438
452
450
429
442
459
482
432
450
429
438
453
432
450
431
437
480
434
478
438
455
438
452
435
434
430
432
430
433
431
421
421
421
421
421
421
422
441
437
440
438
438
437
439
439
422
440
421
441
419
437
419
438
418
436
418
421
464
419
464
420
462
419
465
423
467
424
470
425
470
425
449
433
447
431
447
429
442
425
441
428
444
425
430
427
429
426
428
423
424
421
424
419
422
420
425
424
427
415
416
418
419
420
423
424
443
442
441
442
439
439
439
421
438
418
437
418
436
417
435
417
435
416
436
416
434
417
435
416
419
464
420
462
419
463
419
462
419
463
421
465
422
466
421
467
424
470
426
448
433
451
435
451
436
454
432
436
433
437
425
426
426
426
427
446
449
448
450
451
433
453
435
441
487
442
464
448
465
445
449
446
437
436
457
458
456
438
459
441
444
490
444
466
448
465
445
447
443
434
434
434
455
453
455
456
436
453
485
439
483
443
460
444
459
438
441
435
438
426
426
425
425
425
445
447
446
449
449
431
451
431
436
481
436
480
441
458
443
458
438
442
439
441
428
429
430
PWM set: 400
421
416
429
427
407
419
436
458
410
427
407
416
420
414
427
425
457
414
457
412
409
427
407
424
406
423
404
422
404
420
421
419
421
419
420
419
400
400
399
399
399
399
397
409
409
409
407
411
407
426
412
426
410
426
406
447
406
447
406
401
419
401
420
402
421
403
418
421
419
421
420
423
421
404
404
403
401
403
404
403
402
402
404
411
414
411
415
411
413
413
417
414
417
417
421
420
436
420
435
419
435
419
433
417
431
416
430
415
453
411
453
411
454
411
453
410
453
410
404
422
405
423
404
423
405
422
421
419
421
419
421
421
423
401
401
401
402
401
402
403
402
403
411
415
413
415
413
418
416
419
418
421
418
420
419
423
421
424
421
426
421
426
424
428
425
429
426
430
417
419
419
421
421
421
422
441
442
441
442
441
444
444
427
446
427
445
428
433
477
432
477
432
453
434
451
435
450
433
431
429
431
427
431
428
430
427
418
420
419
417
418
417
417
415
416
415
433
435
433
436
433
434
433
434
430
432
431
431
427
429
429
429
425
428
427
427
427
428
426
428
426
428
428
408
408
408
407
408
407
408
407
Done!
