414
422
416
419
427
428
419
435
443
436
408
427
413
420
413
417
433
418
440
411
437
409
436
408
435
411
429
411
428
410
427
417
400
417
399
418
417
417
417
417
402
407
402
407
409
422
409
422
403
431
404
PWM set: -380
422
413
429
437
431
403
422
408
416
410
413
422
423
414
431
438
416
431
416
430
416
430
416
437
410
437
410
437
409
437
413
431
413
431
413
431
413
431
422
404
422
404
422
404
421
422
422
422
422
421
421
PWM set: -360
459
454
425
444
429
438
431
435
444
446
436
453
461
455
425
445
436
456
434
463
434
464
435
456
440
456
441
439
434
439
433
439
447
448
449
449
448
448
428
447
428
447
457
438
457
438
463
435
464
435
463
PWM set: -340
453
475
460
468
461
465
475
476
465
484
492
485
454
476
460
468
475
486
462
493
469
485
461
467
477
478
455
466
487
463
494
470
485
462
467
477
476
456
468
488
463
495
470
467
461
478
477
476
455
466
487
PWM set: -320
507
490
500
492
496
506
509
498
517
526
519
486
507
491
500
493
507
520
493
517
491
510
486
498
527
502
518
493
511
487
498
527
502
499
509
509
488
498
527
502
499
509
508
520
494
518
502
500
510
509
521
PWM set: -300
545
526
537
529
533
544
547
535
554
564
557
521
545
526
537
529
533
555
527
547
558
530
556
529
549
559
531
557
529
546
558
530
556
546
545
559
532
537
547
547
560
539
536
546
546
566
539
536
523
535
566
PWM set: -280
565
590
572
583
574
578
590
594
580
602
614
606
568
591
572
583
574
593
604
574
580
566
577
601
572
591
613
582
593
604
574
580
590
578
602
572
591
605
583
594
567
575
602
591
579
613
574
595
607
586
582
PWM set: -260
658
669
660
618
646
625
637
628
633
646
649
634
657
669
661
619
648
626
646
670
627
647
671
627
648
671
627
647
670
626
650
662
640
651
663
640
652
663
639
650
662
639
651
663
641
651
663
640
651
663
639
PWM set: -240
694
700
714
718
701
727
739
730
685
716
692
705
695
699
713
718
701
728
686
707
720
733
693
716
730
718
702
704
686
697
722
734
709
717
741
718
703
730
687
698
704
734
709
719
745
697
705
732
690
700
706
PWM set: -220
784
813
827
817
766
801
774
790
779
784
801
806
787
815
830
820
769
804
777
785
787
820
793
803
816
769
779
806
830
804
786
790
823
778
804
818
771
794
809
831
803
781
789
823
780
789
819
771
795
805
834
PWM set: -200
937
924
866
904
875
893
879
886
904
909
888
919
937
925
867
906
877
895
881
911
938
907
882
911
939
908
883
910
939
908
882
911
939
909
882
911
939
909
883
913
942
909
883
912
941
910
884
913
941
908
883
PWM set: -180
1002
1011
1031
1037
1014
1050
1070
1056
988
1032
998
1017
1002
1009
1030
1036
1013
1055
999
1010
1012
1051
996
1009
1013
1054
1000
1012
1014
1055
999
1011
1013
1055
1001
1011
1011
1054
1000
1011
1014
1058
1003
1012
1015
1057
1002
1012
1014
1057
999
PWM set: -160
1149
1172
1154
1161
1186
1191
1168
1210
1233
1217
1142
1193
1153
1174
1156
1163
1188
1208
1141
1173
1188
1209
1139
1171
1186
1207
1138
1174
1188
1209
1136
1173
1188
1210
1141
1177
1191
1209
1139
1173
1189
1209
1141
1176
1188
1207
1139
1175
1190
1211
1144
PWM set: -140
1339
1399
1356
1382
1362
1370
1397
1404
1374
1423
1448
1432
1343
1402
1356
1380
1358
1399
1444
1401
1362
1405
1426
1343
1381
1396
1373
1431
1355
1369
1405
1449
1398
1357
1400
1422
1340
1383
1401
1377
1429
1355
1369
1403
1448
1400
1364
1398
1420
1337
1379
PWM set: -120
1674
1650
1658
1692
1700
1662
1719
1747
1726
1618
1691
1637
1671
1648
1656
1691
1700
1721
1731
1697
1676
1655
1696
1715
1724
1689
1669
1652
1695
1719
1730
1696
1673
1652
1695
1717
1726
1692
1671
1654
1699
1724
1733
1694
1669
1648
1692
1714
1727
1690
1668
PWM set: -100
2052
2095
2058
2068
2110
2128
2083
2156
2190
2168
2031
2123
2053
2099
2064
2075
2117
2093
2196
2032
2049
2054
2104
2079
2185
2023
2050
2062
2118
2088
2185
2023
2044
2056
2112
2086
2189
2033
2061
2072
2122
2090
2188
2027
2050
2062
2115
2085
2191
2032
2058
PWM set: -80
2784
2688
2764
2708
2725
2774
2812
2751
2851
2882
2870
2685
2818
2722
2795
2732
2748
2821
2847
2852
2791
2765
2721
2807
2846
2865
2806
2775
2721
2801
2835
2848
2794
2775
2737
2834
2878
2892
2830
2790
2738
2815
2845
2859
2798
2775
2734
2825
2860
2872
2801
PWM set: -60
3775
3972
3817
3958
3832
3872
3923
4035
3929
4082
4066
4089
3795
3988
3817
3953
3824
3909
3916
4057
3791
3842
3864
3948
3938
4068
3777
3823
3836
3924
3928
4060
3794
3847
3866
3940
3920
4033
3767
3822
3849
3941
3931
4067
3816
3870
3883
3961
3927
4047
3788
PWM set: -40
6754
6172
6623
6294
6763
6248
6367
6333
6737
6391
6626
6362
6570
6004
6424
6120
6564
6123
6236
6220
6643
6351
6642
6442
6729
6157
6602
6266
6746
6251
6365
6327
6740
6391
6618
6357
6577
6017
6432
6115
6546
6103
6232
6224
6648
6349
6634
6428
6693
6119
6568
PWM set: -20
13889
11627
13396
12113
15237
11502
12298
11712
15067
12643
13487
11610
14111
11738
13616
12238
15422
11508
12292
11670
14827
12466
13223
11451
13782
11594
13439
12176
15347
11514
12277
11593
14783
12432
13146
11352
13646
11488
13321
12066
15230
11531
12358
11731
14987
12583
13289
11488
13755
11567
13369
PWM set: 0
0
0
0
0
0
0
0
0
0
0
0
0
0
0
0
0
0
0
0
0
0
0
0
0
0
0
0
0
0
0
0
0
0
0
0
0
0
0
0
0
0
0
0
0
0
0
0
0
0
0
0
PWM set: 20
16204
13682
13865
12572
15120
14169
16937
16295
14828
12141
13794
14647
16593
13624
13746
12220
14546
13727
16309
15792
14572
12041
13562
14497
16403
13745
13958
12629
15292
14424
17416
16730
15143
12230
13842
14726
16531
13536
13652
12248
14653
13757
16231
15695
14479
11974
13417
14197
16008
13552
13879
PWM set: 40
7348
9064
8831
10671
9963
10786
10696
10858
9806
9094
8810
8932
8064
8076
7491
8278
8325
9457
9927
9905
9091
9680
11709
13692
11588
11028
9704
9927
8758
9177
10516
11367
9972
9124
8750
31324
13604
9928
8213
11102
15147
13018
9742
8608
7434
7375
7164
7401
6890
7021
6474
PWM set: 60
3979
4124
3894
4252
4269
4279
4116
4211
4095
4086
4031
4167
4041
4195
3941
4292
4289
4116
4203
4060
4136
4012
3934
4303
4133
4225
4098
4172
4037
3926
4264
4078
4170
4050
4153
4033
3945
4303
4131
4229
4111
4179
4039
3922
4252
4081
4174
4058
4152
4027
3925
PWM set: 80
2898
2735
2947
2957
2926
2805
2875
2834
2816
2777
2858
2792
2893
2734
2950
2971
2947
2905
2834
2869
2888
2942
2934
2894
2827
2859
2891
2960
2960
2914
2838
2864
2880
2943
2942
2900
2827
2858
2899
2966
2962
2913
2830
2852
2875
2941
2944
2895
2820
2859
2894
PWM set: 100
2102
2182
2074
2236
2259
2233
2145
2199
2173
2145
2111
2164
2115
2191
2075
2236
2254
2131
2154
2094
2101
2070
2254
2135
2167
2113
2118
2078
2255
2128
2157
2101
2110
2076
2251
2131
2162
2104
2107
2065
2239
2124
2162
2112
2122
2086
2264
2142
2169
2106
2105
PWM set: 120
1715
1682
1740
1653
1775
1793
1765
1694
1735
1720
1697
1670
1705
1669
1724
1637
1759
1755
1732
1699
1714
1737
1775
1767
1737
1696
1703
1725
1765
1759
1736
1698
1709
1735
1772
1763
1732
1691
1699
1727
1770
1765
1739
1698
1708
1734
1769
1758
1726
1686
1702
PWM set: 140
1389
1418
1393
1441
1370
1470
1486
1460
1400
1433
1422
1400
1381
1411
1386
1435
1368
1463
1436
1387
1389
1467
1456
1422
1383
1439
1488
1403
1405
1413
1362
1477
1427
1399
1386
1363
1456
1432
1382
1383
1459
1452
1426
1387
1436
1485
1402
1402
1407
1357
1476
PWM set: 160
1258
1235
1188
1216
1209
1188
1172
1194
1172
1213
1155
1239
1257
1235
1190
1218
1214
1202
1162
1238
1210
1194
1156
1237
1210
1198
1159
1234
1206
1194
1158
1236
1210
1199
1160
1234
1208
1197
1159
1236
1211
1199
1157
1229
1206
1196
1157
1234
1208
1196
1153
PWM set: 180
1012
1082
1096
1075
1034
1057
1052
1034
1022
1040
1021
1056
1005
1075
1090
1069
1054
1020
1055
1091
1052
1018
1051
1090
1054
1021
1057
1092
1052
1015
1051
1088
1052
1017
1053
1089
1049
1015
1053
1091
1051
1019
1055
1089
1047
1015
1052
1089
1049
1016
1052
PWM set: 200
930
886
949
962
943
908
927
924
909
898
913
899
929
884
946
958
939
904
924
897
929
960
926
896
926
957
925
898
929
961
926
897
927
958
926
897
929
961
925
894
927
960
927
897
930
961
925
894
927
961
925
PWM set: 220
825
821
806
798
812
799
827
788
846
858
841
809
827
824
809
799
814
800
828
856
825
799
828
840
822
813
785
836
807
801
844
808
807
825
854
825
801
828
840
822
812
785
837
808
799
843
806
804
825
856
827
PWM set: 240
742
740
726
718
730
718
743
709
759
772
757
729
745
742
728
719
732
720
708
754
725
719
773
743
732
759
725
719
744
755
740
719
757
740
719
709
755
728
719
769
741
731
707
726
726
742
769
739
730
757
725
PWM set: 260
675
674
663
655
666
655
677
644
690
700
687
660
674
672
660
652
664
653
700
674
663
688
671
661
689
673
652
642
656
650
643
657
651
640
657
659
675
684
659
674
683
659
651
697
670
650
697
671
652
698
672
PWM set: 280
615
604
596
606
597
618
588
630
640
627
603
616
614
603
596
605
595
586
601
594
628
614
603
629
614
596
638
612
615
623
600
614
598
594
585
600
604
626
613
604
635
610
593
636
613
614
624
600
614
598
592
PWM set: 300
558
548
568
540
578
586
574
553
566
562
553
547
556
548
567
540
577
565
556
586
563
566
551
546
576
564
546
572
552
539
552
556
585
562
565
573
546
576
566
548
587
553
539
552
555
575
561
565
573
546
576
PWM set: 320
541
530
510
522
519
510
505
514
505
523
499
534
541
530
510
522
520
523
511
515
541
510
498
522
505
529
505
533
520
522
510
514
542
509
498
522
505
529
504
533
519
522
509
513
540
519
522
509
514
540
508
PWM set: 340
479
469
487
463
495
502
492
475
485
483
474
471
478
469
486
463
503
470
494
481
462
484
467
473
475
492
469
494
473
463
484
486
474
477
492
470
495
473
464
484
486
474
468
492
470
502
473
463
481
485
474
PWM set: 360
445
440
448
440
457
433
464
472
462
445
454
451
444
439
448
439
464
445
464
452
434
452
434
454
456
454
439
444
439
444
447
462
448
471
440
471
443
463
444
464
451
433
451
432
452
454
451
438
442
437
442
PWM set: 380
424
417
412
420
411
427
406
434
441
433
416
425
423
416
412
419
442
412
442
411
441
411
441
411
441
410
441
418
432
419
432
418
431
419
432
419
432
410
415
410
415
411
415
410
414
410
424
426
424
425
423
PWM set: 400
400
407
399
415
395
422
428
420
404
412
412
404
400
406
399
414
404
399
412
414
411
413
410
393
411
421
405
421
404
428
399
428
406
420
407
420
399
404
399
404
415
413
414
412
394
412
395
404
421
404
429
Done!
