7
92
1167
1206
1224
1209
1137
1184
11531048
PWM set: -160
1205
1223
1207
1137
1183
1148
1170
1154
1158
1186
1192
1167
1206
1224
1209
1137
1184
1153
443
448
441
415
433
418
427
421
424
432
434
425
441
447
440
413
419
445
421
438
420
437
419
436
419
435
418
434
426
407
425
407
424
406
426
423
425
423
424
422
415
408
414
408
414
415
430
415
430
414
435
PWM set: -380
425
410
419
413
417
425
427
418
434
439
433
407
425
411
419
413
435
419
434
419
434
418
438
413
438
413
439
412
438
415
433
415
432
416
433
423
406
424
406
424
405
426
422
425
423
426
423
416
410
416
409
PWM set: -360
437
445
447
439
455
461
455
428
446
431
439
434
437
446
448
439
428
447
455
438
456
438
455
438
455
435
462
435
461
434
462
440
456
440
456
440
457
440
439
432
440
433
441
432
449
447
449
447
449
447
449
PWM set: -340
483
489
481
453
473
458
466
460
463
473
475
466
484
489
482
453
467
466
459
477
474
475
454
465
483
461
491
468
485
460
468
475
478
455
475
484
466
492
462
486
468
467
459
478
475
475
455
466
484
462
491
PWM set: -320
484
505
489
498
491
495
506
507
497
517
523
516
485
506
490
500
496
525
499
498
507
509
486
497
525
500
498
507
509
485
497
524
500
498
491
510
486
497
525
500
519
491
510
486
497
524
499
518
490
509
485
PWM set: -300
527
537
529
533
545
549
536
557
564
556
522
544
528
538
530
533
546
564
538
536
545
546
564
539
537
545
546
565
539
536
545
546
565
539
537
546
534
564
538
537
546
535
566
539
537
546
535
565
539
536
546
PWM set: -280
571
581
573
576
589
592
580
601
610
601
565
589
571
582
573
578
590
602
590
591
612
584
594
604
575
582
592
579
613
573
592
605
584
582
568
581
606
592
593
614
584
596
605
576
584
593
581
614
575
594
606
PWM set: -260
619
646
625
637
629
633
646
650
637
660
669
661
621
648
627
640
630
634
661
649
635
662
628
648
670
628
648
672
629
650
672
629
650
673
630
650
673
630
651
673
630
651
673
629
651
673
630
651
673
631
651
PWM set: -240
721
705
731
740
731
687
716
693
708
697
701
717
721
704
731
740
731
687
707
718
741
694
702
732
717
699
707
689
709
723
734
696
719
743
718
703
734
690
700
709
735
710
724
745
697
720
735
718
704
709
691
PWM set: -220
767
799
774
789
779
783
801
806
788
817
827
817
769
800
775
790
780
784
801
816
768
780
806
829
777
785
790
770
793
803
830
803
781
789
818
777
802
820
771
781
808
830
777
786
792
820
793
804
821
803
782
PWM set: -200
874
877
898
903
884
917
928
917
862
898
870
888
876
880
900
905
886
917
929
896
875
904
928
897
875
903
927
897
875
905
929
899
877
904
929
899
876
905
930
899
874
903
928
898
876
906
931
900
876
906
929
PWM set: -180
1054
1040
979
1018
986
1004
991
994
1018
1023
1002
1038
1053
1038
978
1018
986
993
1027
1056
1017
993
1026
1056
1020
994
1026
1053
1016
992
1025
1053
1018
994
1025
1053
1017
993
1027
1055
1020
995
1025
1054
1019
993
1025
1054
1018
991
1024
PWM set: -160
1182
1159
1199
1218
1202
1132
1178
1142
1163
1146
1149
1176
1180
1157
1197
1215
1198
1140
1149
1158
1200
1137
1147
1158
1200
1140
1152
1163
1204
1140
1151
1159
1201
1141
1152
1161
1198
1138
1149
1159
1202
1143
1153
1161
1201
1142
1152
1160
1202
1142
1150
PWM set: -140
1349
1381
1386
1361
1408
1431
1411
1330
1384
1343
1368
1349
1353
1383
1387
1362
1409
1329
1367
1385
1410
1329
1364
1380
1405
1326
1364
1382
1409
1327
1361
1379
1406
1327
1364
1382
1409
1326
1360
1379
1406
1324
1361
1382
1407
1324
1361
1382
1409
1329
1369
PWM set: -120
1642
1621
1624
1665
1671
1641
1697
1720
1696
1596
1661
1613
1643
1623
1627
1663
1667
1690
1690
1658
1642
1627
1673
1699
1701
1670
1653
1634
1673
1697
1696
1662
1644
1627
1671
1696
1697
1663
1643
1623
1665
1690
1692
1660
1644
1628
1675
1704
1706
1668
1645
PWM set: -100
2027
2064
2036
2036
2083
2094
2057
2128
2159
2130
2007
2086
2024
2057
2027
2029
2076
2053
2153
2005
2024
2039
2093
2070
2167
2007
2022
2033
2087
2062
2161
2009
2028
2041
2093
2060
2152
2000
2022
2033
2085
2062
2154
2003
2024
2039
2089
2057
2151
2002
2022
PWM set: -80
2756
2680
2736
2698
2696
2755
2775
2720
2803
2831
2798
2636
2738
2660
2713
2680
2682
2768
2806
2802
2748
2724
2684
2766
2806
2802
2752
2735
2698
2785
2824
2826
2769
2739
2690
2771
2806
2800
2750
2728
2691
2773
2813
2811
2750
2720
2680
2762
2801
2807
2759
PWM set: -60
3758
3910
3789
3880
3801
3791
3870
3931
3863
3982
3996
3971
3739
3897
3782
3892
3813
3875
3872
3997
3728
3762
3789
3857
3854
4003
3759
3814
3849
3924
3918
4044
3760
3794
3813
3874
3868
4009
3748
3782
3807
3856
3846
3982
3728
3767
3798
3879
3889
4031
3773
PWM set: -40
6329
5921
6203
6012
6315
6092
6067
6156
6427
6307
6503
6368
6441
6024
6314
6090
6374
6076
6008
6075
6293
6157
6352
6262
6363
5985
6289
6111
6436
6183
6142
6218
6468
6322
6505
6372
6471
6060
6355
6124
6413
6131
6062
6125
6360
6233
6429
6334
6434
6056
6368
PWM set: -20
13076
11742
12683
12161
14487
12119
11986
11856
13946
13051
13257
11899
13384
12058
13044
12506
14866
12208
12011
11820
13783
12756
12960
11675
13117
11776
12788
12311
14620
12166
12046
11957
14072
13052
13218
11932
13446
12040
13056
12565
15103
12441
12375
12261
14697
13460
13631
12168
13896
12329
13245
PWM set: 0
0
0
0
0
0
0
0
0
0
0
0
0
0
0
0
0
0
0
0
0
0
0
0
0
0
0
0
0
0
0
0
0
0
0
0
0
0
0
0
0
0
0
0
0
0
0
0
0
0
0
0
PWM set: 20
15653
14991
13172
14027
14352
15861
16371
17132
12891
12867
12797
15408
14725
14347
12830
13877
14283
16113
16872
18291
13580
13819
13666
16792
15587
14812
13114
13983
14222
15717
16364
17181
12914
12884
12739
15235
14494
14122
12728
13718
14170
15883
16687
17783
13207
13225
13063
15592
14825
14244
12757
PWM set: 40
7057
6901
6883
6730
7149
7353
7412
7262
6941
6798
6670
6828
6929
6777
6811
6663
7127
7359
7444
7364
7068
6992
6897
7132
7190
7019
6987
6805
7230
7412
7447
7253
6879
6716
6650
6856
6946
6794
6819
6677
7118
7338
7416
7321
7014
6948
6855
7068
7134
6933
6896
PWM set: 60
4220
4125
4237
4066
4362
4433
4416
4269
4276
4221
4165
4158
4233
4125
4224
4044
4331
4368
4214
4242
4142
4235
4140
4068
4424
4254
4271
4165
4230
4117
4023
4354
4200
4234
4144
4232
4136
4060
4420
4267
4288
4173
4216
4189
4304
4364
4229
4265
4176
4250
4148
PWM set: 80
2937
2859
2947
2804
3012
3043
3024
2910
2964
2933
2899
2868
2930
2857
2946
2813
3020
3031
2965
2888
2910
2925
2996
3021
2964
2896
2923
2952
3028
3039
2970
2889
2910
2932
3011
3030
2962
2888
2924
2940
3013
3023
2954
2874
2912
2945
3025
3042
2969
2901
2935
PWM set: 100
2143
2194
2142
2219
2118
2274
2295
2272
2179
2226
2207
2176
2147
2195
2145
2221
2114
2291
2172
2198
2145
2146
2119
2297
2186
2215
2152
2148
2116
2287
2177
2207
2154
2150
2119
2298
2189
2215
2150
2139
2104
2283
2178
2208
2153
2145
2118
2301
2186
2212
2146
PWM set: 120
1730
1705
1742
1703
1762
1680
1803
1823
1802
1731
1767
1754
1727
1701
1736
1695
1755
1796
1799
1767
1728
1740
1763
1802
1799
1762
1718
1731
1753
1794
1795
1760
1721
1735
1757
1796
1793
1756
1717
1735
1761
1802
1800
1765
1726
1738
1758
1796
1792
1757
1716
PWM set: 140
1447
1425
1405
1434
1404
1452
1383
1483
1497
1479
1418
1451
1443
1422
1404
1436
1407
1488
1483
1447
1403
1451
1496
1419
1425
1439
1387
1503
1456
1424
1401
1381
1480
1455
1405
1405
1482
1478
1440
1398
1443
1493
1417
1419
1428
1380
1495
1450
1414
1395
1379
PWM set: 160
1172
1255
1269
1253
1202
1228
1219
1200
1182
1207
1183
1225
1169
1252
1269
1253
1203
1202
1186
1251
1198
1198
1185
1256
1206
1207
1188
1252
1198
1200
1186
1252
1201
1201
1184
1249
1200
1204
1190
1256
1203
1202
1184
1250
1201
1204
1188
1253
1201
1201
1182
PWM set: 180
1032
1066
1016
1087
1102
1086
1042
1065
1058
1042
1027
1047
1026
1062
1013
1085
1085
1061
1049
1016
1084
1057
1046
1013
1085
1058
1048
1014
1084
1055
1047
1014
1085
1057
1046
1011
1079
1053
1047
1015
1084
1057
1047
1012
1081
1056
1051
1015
1084
1057
1046
PWM set: 200
922
906
936
893
953
966
953
915
934
930
914
904
920
903
934
891
951
965
952
931
921
893
953
929
917
888
951
929
917
889
949
926
915
888
951
928
918
889
949
925
916
889
951
928
918
888
947
926
919
892
952
PWM set: 220
853
818
836
831
818
809
823
809
837
799
853
865
853
818
835
832
818
808
822
796
848
830
822
850
817
817
805
849
835
810
836
863
833
819
794
850
830
820
850
815
814
805
851
837
808
835
863
833
820
797
851
PWM set: 240
766
736
751
748
735
727
740
728
753
719
769
779
768
737
752
749
736
728
727
767
751
727
719
766
735
726
776
752
742
719
737
736
752
776
749
741
768
737
725
751
766
750
728
767
752
726
717
767
736
727
777
PWM set: 260
706
696
669
682
679
667
660
671
660
682
652
696
705
695
668
681
678
666
659
706
679
659
705
677
659
704
680
669
693
681
672
696
668
660
650
667
659
650
667
665
680
694
667
680
694
665
657
704
679
659
703
PWM set: 280
638
613
625
623
612
605
615
605
625
596
637
646
636
611
623
620
610
614
636
623
603
643
619
604
645
610
622
634
609
594
610
602
592
609
614
635
622
612
644
621
603
643
620
622
635
609
621
608
601
593
610
PWM set: 300
574
572
562
556
565
555
575
548
586
595
585
562
573
571
562
555
564
547
574
556
595
562
574
562
556
585
571
555
584
561
546
561
562
593
571
573
583
554
585
574
554
593
560
574
562
563
584
569
554
583
561
PWM set: 320
523
514
532
508
542
551
541
520
532
530
520
514
523
514
531
506
541
529
531
520
523
550
520
506
519
522
549
521
507
533
514
541
513
540
528
530
520
522
549
518
507
518
522
548
519
506
530
513
539
513
539
PWM set: 340
503
484
495
493
483
479
488
479
493
472
504
511
502
484
494
492
478
503
482
472
494
492
483
486
501
477
503
491
471
493
477
483
486
509
477
502
490
471
494
477
483
485
509
476
501
489
469
492
475
481
484
PWM set: 360
464
443
472
479
471
454
463
460
452
448
456
447
463
442
472
480
463
463
453
447
452
455
470
455
478
448
478
451
470
451
440
459
440
462
462
461
460
451
445
451
454
469
454
476
445
476
449
468
449
438
458
PWM set: 380
427
419
434
413
441
449
442
425
434
431
424
420
428
419
433
413
426
419
425
419
425
418
433
433
433
432
433
432
433
433
433
432
433
432
433
433
433
432
433
432
434
433
433
433
430
412
430
412
430
412
430
PWM set: 400
414
407
420
401
428
435
428
412
420
419
412
406
415
406
420
402
420
420
420
402
420
401
419
401
411
429
411
428
411
436
407
435
406
428
414
429
415
427
406
412
407
412
420
421
420
421
420
419
401
419
401
Done!
