422
446
422
469
445
428
420
437
439
428
430
428
420
444
419
467
435
441
435
416
434
415
433
413
431
460
419
459
418
459
421
433
421
433
420
416
417
415
416
407
408
407
408
406
430
423
430
425
406
425
407
414
454
413
454
416
428
416
429
414
413
414
404
406
405
406
422
428
421
428
424
405
423
451
411
451
414
427
414
426
411
410
411
402
404
402
426
420
427
422
403
422
449
409
448
412
425
412
425
411
410
411
401
403
402
427
419
426
421
403
421
449
409
449
412
424
412
410
410
410
403
401
403
419
426
418
426
422
403
421
449
410
448
412
425
412
408
410
408
403
401
402
419
426
418
402
421
402
409
449
409
425
413
424
409
409
410
400
403
402
426
419
425
422
403
422
449
410
449
413
425
413
410
410
409
410
402
403
402
426
419
426
421
403
421
450
409
448
412
424
412
408
410
409
402
401
403
419
426
420
403
421
403
410
450
410
425
413
425
413
409
410
409
402
401
402
418
425
418
401
421
402
409
448
412
424
412
408
410
408
402
401
403
418
425
418
402
421
401
408
447
409
423
412
423
410
409
410
401
402
400
PWM set: -380
415
418
416
409
432
409
456
431
415
407
425
427
415
419
416
408
415
417
415
408
408
409
407
409
425
432
425
432
428
408
427
408
416
456
416
456
418
431
418
431
417
415
416
415
416
408
408
407
409
425
431
424
431
427
408
427
408
415
455
415
455
418
430
418
431
415
414
416
414
408
407
408
407
408
425
431
424
432
426
407
427
408
415
456
416
455
418
431
418
431
417
416
416
415
416
407
409
407
408
424
431
425
432
427
408
427
407
414
454
415
454
418
430
418
430
416
415
416
415
408
406
408
406
408
424
431
424
431
426
407
426
453
414
454
415
430
418
431
418
415
416
414
416
406
408
406
407
406
430
423
431
426
407
426
407
414
455
415
455
416
431
418
431
418
415
416
415
416
406
407
406
407
423
430
423
430
426
406
426
407
414
454
414
454
417
429
417
430
415
414
415
406
408
406
407
406
431
424
431
425
408
427
408
427
455
414
455
415
430
417
431
418
414
415
414
416
407
408
406
407
423
430
424
431
426
407
427
407
415
454
415
455
418
430
418
430
415
414
415
414
408
406
408
406
431
424
431
424
407
426
406
PWM set: -360
448
432
424
442
444
433
436
433
425
450
426
474
449
432
425
443
434
432
434
434
434
434
435
433
435
433
435
433
436
434
436
435
436
434
436
434
436
452
439
453
439
453
440
453
439
453
439
452
439
452
439
452
439
452
438
452
438
477
436
477
436
477
436
477
435
477
436
477
437
478
436
478
436
478
436
478
448
428
448
429
448
428
449
429
448
428
449
429
449
428
448
429
448
453
446
453
446
454
446
454
447
453
446
453
446
452
446
453
446
452
445
428
426
428
427
428
427
428
427
428
427
428
427
428
427
428
427
428
426
429
427
428
426
435
435
437
435
437
435
437
435
437
435
436
436
437
436
437
435
437
435
436
435
436
451
439
450
438
452
439
451
438
452
438
452
438
451
438
451
438
451
438
451
439
451
438
452
435
477
436
477
435
477
436
477
435
477
436
477
435
477
435
477
435
476
435
477
435
476
448
427
447
427
447
427
447
427
447
426
447
427
447
427
448
427
447
427
447
427
447
427
447
427
446
427
447
451
445
452
444
451
445
452
444
452
445
452
445
452
444
452
445
452
445
451
444
452
445
452
446
428
PWM set: -340
450
502
476
458
450
470
472
459
463
460
452
478
452
503
477
460
473
453
471
480
473
455
453
463
462
463
480
466
506
462
506
475
454
476
480
474
455
455
455
463
464
481
466
480
461
506
475
454
475
481
473
454
453
454
462
463
479
466
480
462
507
463
455
476
481
473
481
453
455
463
463
462
467
480
462
506
462
455
475
481
473
481
453
454
461
462
462
466
480
462
506
461
454
475
454
472
480
452
454
451
461
461
461
478
464
504
460
505
474
452
474
478
471
452
451
453
460
460
460
463
477
463
503
459
452
472
451
470
478
470
452
451
452
460
461
460
464
478
460
505
459
452
473
453
471
479
451
453
452
461
461
462
478
464
477
460
504
473
452
473
478
471
479
452
452
460
462
462
465
478
465
505
461
453
475
453
472
479
472
454
451
462
462
462
478
464
479
460
505
474
453
474
479
472
480
452
454
461
462
461
465
479
465
505
462
454
476
454
473
481
452
454
452
463
461
463
479
466
506
461
505
475
454
473
480
472
453
453
463
462
463
479
466
480
464
508
477
456
476
481
474
456
455
465
463
464
480
466
507
462
506
PWM set: -320
508
489
480
501
504
488
495
490
481
510
482
536
508
490
480
502
489
481
504
509
481
483
491
495
539
489
483
504
483
482
492
510
496
538
505
512
503
483
493
492
511
492
484
507
512
483
493
492
497
539
506
484
504
485
483
493
511
492
538
506
511
482
484
493
497
511
491
483
503
511
483
492
511
496
539
506
484
503
483
491
492
510
490
538
506
510
481
483
492
496
539
491
484
504
512
482
492
510
495
538
506
511
503
483
491
492
510
490
483
505
512
483
484
492
497
538
491
483
503
483
482
492
510
495
539
505
512
504
484
492
496
510
490
483
506
511
482
492
491
496
538
490
484
503
483
482
493
512
491
540
506
512
504
484
492
497
511
492
484
505
512
483
493
510
496
539
505
484
503
483
492
492
510
491
539
505
511
482
484
491
495
538
491
484
503
511
482
492
510
496
539
505
511
503
484
491
493
510
491
483
506
512
483
484
492
497
539
491
484
503
484
483
493
510
497
539
506
511
504
484
492
497
511
492
484
505
513
483
494
511
498
540
507
513
505
485
493
493
512
492
484
506
512
484
494
493
497
540
507
484
504
PWM set: -300
538
524
529
526
516
544
515
575
544
524
514
537
539
525
530
526
517
526
530
577
541
548
517
528
578
542
550
518
530
549
529
520
541
520
528
529
520
541
520
529
534
580
544
550
520
530
580
544
550
519
530
549
529
520
541
518
548
529
520
541
519
529
532
579
542
549
518
529
579
542
550
518
528
548
528
519
540
518
527
533
519
540
519
528
533
579
543
549
518
529
549
529
551
518
530
550
530
521
541
520
529
534
520
541
520
529
534
581
543
550
520
531
581
544
551
519
530
549
529
520
542
520
549
528
519
540
520
528
534
580
543
549
518
530
579
543
550
519
531
550
529
520
541
520
549
528
520
540
519
528
534
579
543
549
518
530
580
543
549
518
530
549
528
520
541
520
549
529
521
542
520
529
532
579
544
550
518
534
580
544
550
519
531
550
529
521
541
529
548
529
519
540
519
528
533
580
543
550
529
533
581
543
550
519
531
550
529
520
542
531
550
529
521
542
521
529
534
579
544
520
529
533
580
543
550
519
530
549
529
520
519
529
549
530
520
541
520
529
533
579
544
520
529
534
580
543
550
519
531
551
530
PWM set: -280
566
572
569
557
590
559
623
590
569
558
582
585
568
574
571
560
592
591
569
561
561
571
624
586
562
571
571
562
561
573
593
588
595
572
576
563
585
574
593
588
595
572
577
626
586
562
594
572
595
561
577
627
585
563
573
572
563
562
574
628
589
564
573
573
564
563
574
628
589
565
574
578
564
587
575
595
588
595
573
577
562
585
574
594
572
595
561
577
627
587
563
594
571
595
562
577
626
586
563
572
571
563
562
574
628
588
564
573
572
563
562
574
595
589
596
573
578
565
587
575
595
591
598
575
579
565
588
576
596
590
597
574
579
565
587
564
595
572
596
563
577
628
587
564
595
573
597
563
578
629
588
565
574
574
564
563
575
628
589
564
573
573
563
563
575
629
590
565
574
573
565
587
574
595
588
595
574
578
564
586
575
594
588
595
574
578
563
587
564
595
573
596
563
578
628
588
565
596
573
597
563
578
629
588
566
596
574
597
564
577
630
592
565
575
575
566
564
576
630
591
567
576
575
566
565
577
631
591
567
577
577
568
566
578
632
592
567
575
575
566
566
577
630
591
567
576
576
567
565
578
631
PWM set: -260
643
620
608
636
639
621
627
622
611
645
610
679
644
620
608
635
638
626
611
609
626
681
636
624
682
638
612
646
641
615
647
641
649
624
624
649
623
623
612
611
628
612
611
628
683
639
625
682
638
624
646
641
613
646
640
612
623
623
647
622
623
648
611
630
614
611
630
615
639
625
684
639
625
683
642
614
646
642
614
646
623
648
623
624
648
623
629
614
611
628
614
612
626
685
639
626
684
640
615
648
643
616
649
644
615
624
625
650
625
625
649
612
630
615
613
630
614
612
626
685
639
625
684
639
615
649
641
614
647
642
650
623
625
650
625
626
651
613
631
616
614
631
615
639
627
687
641
627
686
644
617
650
644
615
650
644
651
625
626
651
626
626
651
614
631
617
613
632
617
613
628
686
641
628
685
641
616
650
643
615
648
643
615
626
625
649
624
625
650
613
631
617
613
631
616
613
627
685
640
627
684
639
614
647
643
615
648
643
615
624
625
649
625
625
651
613
629
614
612
630
616
639
626
685
640
627
685
643
615
648
643
616
649
643
651
625
626
651
625
627
650
613
631
615
613
632
617
642
628
686
641
PWM set: -240
696
699
680
685
681
670
708
670
745
707
680
667
697
701
682
688
684
672
749
698
684
748
700
690
674
671
690
674
683
684
711
684
684
673
712
706
674
710
700
686
752
701
686
674
670
690
674
672
684
711
683
683
712
711
704
674
710
703
686
750
700
687
751
673
692
675
672
691
712
684
685
712
711
704
675
713
706
688
752
702
688
753
674
692
676
673
691
714
687
688
715
714
707
677
714
706
689
754
704
691
678
675
694
678
674
688
716
688
689
679
717
709
678
754
704
690
755
704
694
678
674
694
716
690
688
716
689
708
679
716
709
691
756
705
691
680
677
696
680
677
690
717
688
688
678
715
708
677
753
704
689
755
705
695
678
675
694
716
688
688
715
688
707
678
715
707
690
754
703
690
755
675
695
679
675
688
717
689
690
679
716
710
679
715
706
690
756
706
696
679
675
695
717
689
690
718
690
710
681
718
710
693
759
708
693
682
677
697
681
690
692
719
691
710
681
717
711
679
758
707
692
758
678
696
681
678
691
719
693
692
680
718
712
681
759
707
692
757
677
697
681
677
696
718
690
692
719
716
711
680
717
PWM set: -220
832
789
759
744
776
780
759
766
762
747
789
748
832
789
759
745
777
781
767
789
758
780
747
832
778
766
789
759
780
747
833
778
766
790
759
782
749
834
779
768
791
761
782
750
834
778
767
791
760
782
749
833
778
769
792
761
783
751
835
780
768
793
763
786
751
838
781
771
794
764
785
751
837
782
771
795
765
787
753
838
749
772
796
764
787
767
839
750
773
797
795
788
769
841
752
768
798
797
790
770
757
754
770
800
799
791
771
759
755
769
800
798
790
771
759
753
768
799
798
791
771
758
753
768
799
797
790
770
757
752
769
800
798
790
770
756
752
768
797
797
790
769
757
752
768
799
799
789
770
757
753
769
757
799
788
771
758
768
769
758
799
787
776
759
769
769
757
843
786
775
758
769
791
757
843
787
776
800
769
793
756
843
754
776
801
770
793
772
845
756
778
802
802
793
774
846
756
772
804
801
793
774
761
756
772
803
802
791
774
762
758
773
761
802
790
774
762
773
774
760
803
792
781
763
774
775
763
849
793
782
807
774
796
762
848
760
781
806
803
794
775
848
757
774
804
801
794
774
762
758
773
PWM set: -200
880
855
863
858
842
889
844
939
890
857
841
878
882
857
864
858
842
890
844
855
880
858
845
857
884
859
845
857
882
859
847
859
884
861
847
859
885
861
848
843
858
845
941
841
859
845
941
840
857
844
939
840
857
845
940
840
858
846
941
842
867
891
890
877
865
891
891
879
865
890
890
877
865
892
891
877
864
890
890
881
860
847
858
883
859
845
857
883
861
847
857
882
860
845
857
884
861
846
857
883
845
942
843
860
845
941
841
858
844
941
843
859
844
941
842
858
845
942
843
860
846
943
845
868
895
892
878
864
890
890
878
866
891
889
876
863
890
890
878
865
892
889
881
858
845
857
884
860
844
856
882
859
846
857
882
858
844
856
883
860
845
858
856
843
940
842
857
844
941
839
855
842
938
839
856
843
939
839
855
843
889
877
864
892
888
877
864
891
890
879
865
890
889
877
864
891
890
878
858
844
856
881
858
846
858
882
859
844
856
881
860
847
858
882
861
847
859
860
847
942
842
858
846
942
843
859
846
942
842
859
846
942
843
859
845
940
841
857
844
893
881
868
893
892
880
866
894
893
881
866
891
PWM set: -180
950
1004
953
1060
1004
965
949
990
995
967
973
968
950
1004
953
1059
1004
966
990
976
1005
1003
986
972
1002
1002
989
975
1003
1001
987
972
1003
1001
988
974
1002
1000
986
972
1003
1001
988
975
1002
1000
987
974
1002
1002
989
975
1002
1002
991
977
1006
1003
988
973
1003
1002
988
974
1004
1002
986
972
1003
1002
988
975
1005
1004
989
974
1005
1004
990
977
1007
1003
989
975
1006
1005
990
976
1004
1003
988
975
1005
1005
991
975
1004
1004
990
975
1006
1006
992
975
1005
1005
990
977
1006
1003
988
974
1004
1003
989
976
1005
1002
986
973
1002
1000
986
973
1002
1000
985
972
1003
1001
988
975
1003
1002
989
976
1005
1005
990
976
1004
1004
990
976
1006
1004
989
974
1003
1002
989
974
1005
1005
989
974
1005
1005
990
976
1006
1005
990
975
1005
1005
991
977
1007
1003
989
975
1006
1005
992
977
1004
1004
988
975
1006
1005
991
975
1005
1003
990
975
1004
1004
988
972
1002
1001
988
974
1002
1001
986
972
1002
1002
987
972
1002
998
984
971
1002
1000
987
972
1001
999
985
972
1001
1001
987
973
1001
999
985
972
1001
1003
990
977
1003
1004
992
978
1008
1007
992
976
1005
1003
990
977
1006
1005
990
975
1004
1003
989
976
1006
1004
988
PWM set: -160
1081
1128
1135
1104
1114
1106
1086
1146
1089
1209
1143
1100
1080
1126
1132
1100
1103
1087
1101
1137
1106
1089
1100
1135
1107
1090
1103
1135
1104
1087
1101
1135
1105
1090
1104
1135
1103
1087
1101
1134
1104
1088
1103
1135
1103
1084
1098
1133
1104
1088
1104
1135
1103
1089
1104
1139
1107
1089
1101
1133
1102
1087
1102
1135
1104
1086
1100
1133
1104
1087
1102
1135
1104
1085
1098
1132
1102
1087
1101
1134
1102
1084
1099
1133
1104
1087
1103
1133
1100
1085
1098
1132
1103
1086
1100
1130
1101
1085
1102
1134
1104
1087
1099
1129
1101
1086
1100
1132
1100
1082
1096
1130
1101
1085
1101
1135
1103
1085
1100
1133
1102
1087
1104
1138
1106
1089
1103
1136
1105
1091
1107
1141
1107
1090
1106
1141
1110
1093
1105
1135
1105
1089
1103
1137
1106
1088
1101
1135
1103
1088
1102
1137
1106
1086
1100
1132
1102
1087
1102
1134
1104
1085
1100
1134
1104
1089
1103
1134
1102
1085
1099
1134
1106
1090
1103
1135
1104
1088
1103
1137
1106
1091
1105
1136
1105
1090
1105
1139
1109
1092
1103
1137
1106
1091
1106
1139
1108
1091
1103
1137
1106
1091
1105
1139
1107
1087
1102
1136
1106
1090
1105
1138
1106
1088
1103
1136
1105
1091
1106
1140
1107
1090
1106
1142
1110
1093
1105
1136
1105
1089
1104
1138
1105
1089
1100
1134
1103
1089
1102
1137
1107
1088
1103
1135
1105
1090
1106
1140
1108
1089
1104
PWM set: -140
1331
1281
1260
1313
1322
1284
1295
1284
1262
1331
1264
1403
1332
1280
1258
1312
1320
1283
1267
1282
1321
1283
1265
1282
1321
1284
1269
1283
1321
1285
1268
1284
1324
1289
1274
1290
1328
1291
1275
1292
1332
1295
1280
1293
1330
1292
1275
1291
1332
1296
1275
1290
1329
1292
1274
1290
1330
1291
1272
1288
1325
1287
1271
1287
1325
1285
1268
1282
1322
1286
1270
1286
1324
1285
1266
1282
1323
1288
1272
1287
1323
1284
1267
1284
1324
1287
1270
1283
1321
1284
1266
1283
1323
1285
1266
1283
1324
1287
1271
1286
1326
1288
1268
1285
1322
1286
1271
1287
1327
1287
1268
1286
1326
1290
1274
1291
1331
1291
1273
1292
1331
1293
1277
1291
1328
1289
1271
1288
1329
1292
1272
1286
1327
1290
1271
1288
1328
1291
1271
1285
1324
1285
1268
1284
1325
1286
1265
1281
1321
1288
1272
1286
1324
1284
1265
1282
1322
1286
1269
1287
1327
1286
1267
1284
1323
1287
1269
1284
1323
1286
1268
1285
1325
1289
1269
1286
1325
1288
1270
1286
1326
1289
1270
1285
1323
1287
1269
1286
1326
1290
1270
1287
1326
1290
1273
1289
1328
1291
1274
1289
1328
1291
1276
1292
1328
1291
1272
1289
1328
1293
1278
1293
1331
1292
1275
1292
1331
1293
1274
1287
1326
1288
1268
1286
1326
1289
1269
1285
1324
1289
1271
1288
1327
1288
1268
1285
1325
1288
1273
1288
1328
1288
1274
1289
1327
1290
1275
1290
1327
1288
1271
PWM set: -120
1595
1517
1682
1594
1534
1508
1571
1580
1532
1546
1531
1505
1591
1512
1676
1588
1529
1566
1531
1505
1512
1590
1500
1528
1529
1590
1679
1506
1580
1548
1510
1515
1528
1564
1530
1529
1514
1594
1506
1581
1534
1593
1677
1529
1576
1544
1505
1515
1532
1571
1536
1533
1591
1592
1504
1577
1545
1593
1682
1535
1582
1550
1509
1516
1593
1569
1535
1536
1598
1685
1509
1579
1543
1502
1510
1528
1565
1529
1530
1508
1586
1497
1525
1526
1585
1586
1500
1575
1528
1587
1669
1518
1564
1534
1495
1669
1523
1561
1540
1500
1503
1520
1557
1522
1522
1503
1583
1494
1524
1522
1580
1580
1496
1570
1527
1588
1675
1528
1575
1542
1499
1508
1527
1565
1532
1532
1595
1596
1509
1581
1547
1591
1679
1532
1581
1549
1510
1516
1594
1567
1527
1526
1586
1588
1503
1578
1546
1591
1676
1526
1572
1542
1503
1511
1529
1567
1533
1533
1591
1586
1501
1573
1528
1589
1675
1528
1575
1543
1503
1509
1526
1562
1528
1530
1510
1587
1498
1524
1519
1580
1580
1493
1568
1525
1588
1676
1529
1573
1539
1500
1507
1524
1560
1526
1527
1509
1587
1499
1525
1524
1586
1589
1505
1577
1545
1592
1677
1526
1570
1539
1502
1513
1532
1570
1534
1532
1589
1583
1497
1572
1528
1592
1679
1530
1578
1545
1503
1506
1523
1561
1527
1528
1513
1590
1504
1576
1529
1588
1676
1528
1575
1546
1505
1512
1530
1564
1526
1525
1504
1581
1498
PWM set: -100
1877
1846
1922
1939
1880
1895
1872
1842
1947
1853
2055
1948
1876
1847
1924
1939
1884
1882
1960
2067
1882
1920
1881
1875
1952
2059
1875
1920
1880
1877
1952
2057
1870
1912
1872
1865
1942
2049
1866
1911
1873
1871
1949
2055
1870
1909
1865
1864
1940
2047
1866
1912
1872
1867
1940
2047
1866
1912
1878
1876
1956
2066
1886
1928
1885
1876
1952
2058
1874
1918
1879
1876
1954
2065
1884
1926
1880
1876
1950
2058
1874
1919
1882
1881
1961
2068
1882
1922
1882
1879
1955
2063
1884
1928
1890
1886
1962
2069
1880
1921
1879
1874
1949
2055
1870
1916
1876
1873
1950
2053
1870
1912
1872
1868
1947
2053
1873
1920
1880
1874
1945
2052
1867
1910
1872
1868
1948
2058
1875
1919
1880
1871
1948
2056
1874
1921
1882
1877
1955
2067
1885
1928
1885
1877
1951
2058
1877
1922
1883
1884
1960
2068
1886
1929
1885
1880
1954
2063
1885
1929
1891
1885
1963
2070
1882
1924
1882
1875
1952
2061
1881
1925
1886
1878
1952
2055
1874
1918
1874
1868
1945
2054
1875
1919
1875
1867
1940
2050
1871
1915
1878
1877
1956
2065
1882
1926
1885
1873
1947
2051
1870
1917
1880
1877
1954
2064
1883
1927
1883
1878
1951
2059
1879
1927
1887
1884
1962
2073
1889
1929
1890
1884
1960
2071
1889
1935
1894
1891
1968
2076
1889
1932
1888
1884
1964
2073
1887
1933
1892
1889
1966
2070
1883
1925
1882
1878
1953
2060
1879
1923
1881
PWM set: -80
2478
2499
2426
2442
2414
2380
2520
2397
2658
2517
2422
2383
2479
2502
2430
2444
2413
2509
2652
2421
2475
2424
2412
2514
2654
2415
2468
2416
2400
2494
2640
2400
2451
2406
2396
2500
2640
2402
2452
2396
2383
2487
2630
2394
2450
2402
2393
2507
2652
2418
2465
2409
2401
2503
2642
2404
2458
2415
2412
2525
2670
2429
2481
2426
2414
2518
2662
2426
2484
2438
2421
2521
2656
2419
2475
2426
2417
2520
2664
2428
2486
2437
2424
2521
2661
2424
2478
2427
2415
2521
2670
2434
2486
2434
2414
2515
2657
2419
2475
2425
2411
2517
2660
2420
2470
2417
2400
2506
2648
2409
2456
2406
2402
2509
2653
2420
2472
2419
2403
2507
2650
2411
2466
2418
2406
2507
2647
2406
2458
2414
2403
2505
2642
2406
2464
2417
2407
2510
2643
2404
2456
2409
2404
2514
2662
2427
2482
2430
2412
2516
2661
2432
2487
2435
2424
2528
2672
2433
2486
2432
2411
2520
2670
2435
2486
2435
2427
2534
2680
2440
2494
2437
2424
2536
2683
2444
2498
2446
2437
2538
2680
2434
2479
2423
2411
2515
2652
2411
2462
2415
2409
2511
2658
2416
2467
2420
2408
2510
2655
2424
2486
2441
2426
2526
2664
2423
2481
2432
2415
2519
2664
2429
2485
2437
2425
2523
2674
2442
2502
2450
2432
2535
2685
2450
2507
2457
2443
2545
2686
2441
2487
2437
2424
2532
2677
2440
2495
2438
2421
2518
2656
2426
2487
2441
2432
2539
2682
2440
2489
2439
2433
PWM set: -60
3309
3315
3268
3225
3432
3278
3637
3432
3299
3239
3362
3390
3291
3304
3259
3210
3416
3630
3307
3377
3312
3282
3448
3659
3320
3394
3343
3302
3456
3660
3318
3386
3334
3306
3469
3670
3327
3395
3332
3297
3456
3652
3311
3392
3338
3307
3465
3670
3336
3401
3347
3312
3465
3667
3330
3405
3344
3302
3453
3653
3307
3374
3316
3276
3435
3639
3299
3372
3307
3271
3434
3631
3305
3374
3312
3286
3454
3664
3329
3391
3324
3288
3442
3649
3317
3383
3322
3290
3450
3665
3324
3388
3325
3286
3444
3649
3317
3391
3339
3312
3478
3681
3343
3420
3357
3311
3467
3666
3332
3405
3348
3314
3461
3661
3316
3387
3335
3303
3455
3651
3318
3384
3326
3288
3434
3637
3298
3365
3320
3293
3461
3671
3335
3401
3335
3303
3465
3675
3336
3408
3351
3324
3494
3708
3368
3434
3360
3316
3463
3670
3336
3408
3347
3303
3456
3656
3304
3374
3318
3281
3432
3641
3309
3392
3341
3307
3463
3652
3312
3396
3332
3294
3450
3658
3330
3408
3353
3315
3460
3658
3323
3396
3332
3304
3463
3673
3340
3411
3349
3297
3462
3679
3341
3409
3341
3304
3461
3662
3321
3387
3312
3274
3436
3639
3298
3377
3328
3308
3478
3692
3353
3416
3347
3310
3468
3671
3334
3402
3342
3308
3468
3668
3319
3387
3331
3303
3455
3661
3330
3411
3362
3327
3486
3683
3340
3411
3350
3312
3467
3680
3348
3430
3377
3346
3504
3699
3353
3415
3346
3315
3483
PWM set: -40
4996
4920
5279
5066
5613
5231
5051
4954
5144
5222
5086
5056
4960
4886
5240
5036
5577
5218
5049
4966
5171
5265
5146
5108
5016
4939
5302
5087
5621
5217
5019
4922
5132
5213
5086
5044
4941
4869
5229
5035
5584
5208
5039
4950
5152
5234
5100
5063
4977
4903
5278
5075
5606
5213
5019
4928
5133
5222
5083
5051
4951
4895
5276
5087
5650
5278
5107
5015
5210
5289
5159
5119
5028
4947
5301
5091
5627
5243
5057
4956
5149
5239
5102
5069
4977
4913
5289
5101
5662
5282
5100
5001
5196
5271
5123
5062
4960
4887
5254
5060
5612
5235
5047
4951
5158
5240
5102
5072
4983
4926
5306
5110
5652
5254
5065
4963
5160
5243
5100
5067
4986
4915
5279
5075
5612
5235
5042
4950
5166
5267
5146
5118
5036
4975
5345
5134
5676
5271
5080
4963
5152
5239
5111
5083
5000
4924
5285
5088
5631
5250
5065
4969
5181
5278
5149
5109
5006
4928
5296
5096
5653
5256
5074
4967
5153
5221
5080
5037
4941
4871
5229
5034
5577
5211
5036
4952
5166
5258
5129
5080
4982
4900
5248
5022
5538
5153
4969
4877
5080
5163
5034
5009
4920
4861
5226
5034
5584
5217
5039
4945
5141
5216
5093
5055
4982
4914
5287
5089
5636
5247
5063
4974
5179
5266
5135
5106
5015
4940
5305
5096
5640
5241
5042
4929
5131
5210
5094
5062
4970
4897
5256
5057
5593
5212
5025
4921
5120
5206
5070
5033
4939
4871
5227
5021
5540
5150
4963
4858
5055
5132
4993
PWM set: -20
8751
9164
9447
9285
8860
8668
8578
9672
9563
10473
9290
9068
8826
9271
9493
9263
8771
8539
8436
9468
9377
10357
9279
9089
8918
9408
9712
9543
9081
8902
8751
9748
9559
10471
9297
9075
8829
9253
9510
9314
8879
8689
8554
9533
9438
10431
9354
9164
8994
9510
9804
9638
9153
8923
8763
9805
9627
10549
9334
8976
8675
9105
9385
9223
8818
8613
8529
9563
9464
10401
9257
9040
8844
9276
9532
9343
8861
8640
8502
9533
9384
10294
9183
8913
8662
9022
9248
9062
8682
8502
8420
9433
9319
10272
9146
8918
8703
9107
9348
9205
8805
8631
8520
9545
9441
10419
9294
9080
8888
9346
9617
9432
8985
8761
8640
9668
9521
10438
9276
9036
8797
9243
9534
9436
9009
8805
8734
9762
9592
10461
9253
8975
8752
9196
9515
9360
8938
8738
8629
9684
9531
10393
9213
8983
8762
9219
9479
9330
8947
8744
8650
9698
9556
10437
9261
9005
8810
9258
9587
9444
8994
8815
8718
9784
9629
10519
9332
9138
8933
9347
9587
9403
8966
8770
8664
9731
9584
10501
9372
9173
8989
9498
9792
9632
9126
8912
8771
9876
9743
10717
9509
9312
9143
9665
9937
9678
9168
8908
8754
9786
9665
10633
9413
9165
8963
9458
9719
9504
8986
8777
8647
9720
9588
10508
9321
9089
8896
9413
9690
9475
8999
8794
8657
9662
9529
10439
9224
8948
8709
9115
9376
9241
8872
8767
8685
9790
9710
10704
9398
9053
8776
9174
9456
9307
8948
8787
8694
9784
9695
10662
9441
PWM set: 0
0
0
0
0
0
0
0
0
0
0
0
0
0
0
0
0
0
0
0
0
0
0
0
0
0
0
0
0
0
0
0
0
0
0
0
0
0
0
0
0
0
0
0
0
0
0
0
0
0
0
0
0
0
0
0
0
0
0
0
0
0
0
0
0
0
0
0
0
0
0
0
0
0
0
0
0
0
0
0
0
0
0
0
0
0
0
0
0
0
0
0
0
0
0
0
0
0
0
0
0
0
0
0
0
0
0
0
0
0
0
0
0
0
0
0
0
0
0
0
0
0
0
0
0
0
0
0
0
0
0
0
0
0
0
0
0
0
0
0
0
0
0
0
0
0
0
0
0
0
0
0
0
0
0
0
0
0
0
0
0
0
0
0
0
0
0
0
0
0
0
0
0
0
0
0
0
0
0
0
0
0
0
0
0
0
0
0
0
0
0
0
0
0
0
0
0
0
0
0
0
0
0
0
0
0
0
0
0
0
0
0
0
0
0
0
0
0
0
0
0
0
0
0
0
0
0
0
0
0
0
0
0
0
0
0
0
0
0
0
0
0
0
0
0
0
0
0
0
0
0
0
PWM set: 20
10158
9766
9537
9229
8960
9996
9975
10287
9251
9342
9345
10161
10392
9917
9646
9279
8932
9908
9780
10111
9118
9202
9191
10019
10282
9858
9632
9328
9054
10077
9959
10236
9191
9286
9291
10120
10391
9961
9686
9397
9031
9979
9793
10051
9011
9075
9010
9786
10048
9596
9403
9060
8833
9786
9752
10098
9120
9239
9285
10146
10432
10074
9814
9487
9125
10146
9961
10217
9109
9154
9077
9822
10088
9577
9373
9047
8793
9775
9736
10107
9125
9244
9250
10126
10408
9994
9694
9359
9021
10038
9834
10096
9029
9017
8989
9680
9952
9490
9326
9005
8794
9804
9751
10102
9109
9249
9305
10171
10462
10062
9777
9452
9072
10079
9892
10155
9111
9104
9047
9762
9980
9452
9281
8914
8655
9563
9486
9848
8918
9003
8997
9730
9992
9538
9331
9018
8769
9711
9658
9978
9030
9084
9125
9900
10183
9760
9544
9213
8893
9928
9814
10186
9148
9246
9233
10055
10320
9890
9640
9347
9094
10144
10063
10363
9303
9400
9362
10169
10410
9951
9645
9305
8977
10056
9893
10266
9208
9313
9258
10032
10273
9804
9588
9241
8953
9921
9799
10109
9123
9209
9191
9978
10241
9864
9604
9263
8919
9890
9694
9986
8959
8976
8904
9574
9883
9353
9167
8822
8617
9553
9496
9855
8962
9068
9077
9881
10169
9792
9529
9199
8872
9906
9753
10017
8985
9045
8985
9629
9902
9410
9213
8892
8675
9669
9604
9931
9006
9169
9182
10011
10312
9951
9706
9398
9054
10113
9966
10212
9162
9167
9112
PWM set: 40
5450
5253
5086
5159
5405
5663
5218
5334
5108
5134
5337
5294
5460
5291
5137
5229
5477
5751
5285
5397
5142
5153
5330
5267
5419
5227
5083
5172
5444
5717
5280
5394
5157
5182
5382
5353
5512
5345
5188
5282
5543
5802
5328
5424
5157
5152
5316
5244
5395
5212
5061
5146
5415
5676
5220
5339
5102
5138
5337
5309
5468
5301
5157
5248
5502
5755
5277
5369
5107
5117
5303
5255
5429
5256
5114
5197
5463
5731
5272
5398
5148
5184
5378
5341
5504
5322
5170
5254
5496
5730
5244
5330
5070
5080
5251
5206
5372
5198
5045
5127
5382
5651
5190
5312
5062
5097
5283
5240
5393
5212
5052
5122
5361
5611
5177
5301
5071
5103
5306
5264
5436
5266
5124
5225
5494
5788
5332
5463
5217
5254
5452
5401
5554
5347
5190
5257
5532
5802
5347
5474
5242
5268
5473
5419
5590
5409
5249
5341
5605
5876
5402
5508
5244
5258
5450
5385
5530
5316
5155
5239
5508
5781
5338
5455
5215
5246
5455
5435
5603
5431
5280
5363
5621
5884
5404
5494
5215
5213
5395
5326
5487
5307
5171
5265
5538
5805
5345
5460
5215
5251
5443
5401
5568
5379
5218
5295
5539
5787
5303
5387
5124
5134
5326
5276
5457
5278
5142
5232
5490
5756
5296
5427
5177
5212
5412
5370
5538
5355
5203
5284
5533
5782
5304
5377
5118
5132
5342
5308
5496
5325
5190
5292
5563
5858
5398
5527
5284
5317
5538
5489
5641
5436
5272
5324
5545
5777
5311
5427
5182
5202
5419
PWM set: 60
3633
3452
3506
3574
3542
3644
3582
3438
3516
3657
3842
3487
3605
3423
3473
3544
3513
3558
3516
3860
3629
3490
3512
3540
3475
3812
3587
3470
3512
3578
3535
3881
3656
3515
3536
3571
3513
3856
3623
3499
3539
3585
3528
3858
3619
3466
3492
3538
3477
3818
3598
3493
3542
3599
3549
3883
3637
3504
3540
3593
3546
3894
3676
3558
3593
3636
3570
3887
3643
3507
3537
3585
3525
3867
3638
3502
3531
3564
3496
3816
3583
3458
3492
3547
3498
3848
3618
3490
3517
3552
3497
3831
3611
3494
3537
3600
3546
3889
3654
3515
3531
3562
3510
3850
3628
3507
3558
3613
3561
3906
3668
3521
3552
3599
3549
3897
3667
3549
3581
3625
3561
3897
3647
3511
3545
3598
3554
3907
3683
3557
3586
3618
3539
3860
3629
3502
3545
3599
3549
3906
3675
3538
3560
3588
3511
3837
3606
3478
3519
3567
3521
3861
3637
3508
3537
3564
3501
3836
3614
3494
3543
3601
3553
3890
3657
3519
3534
3567
3508
3851
3632
3510
3563
3616
3567
3911
3671
3512
3532
3578
3529
3877
3662
3543
3590
3633
3571
3894
3639
3502
3535
3587
3543
3894
3685
3556
3595
3626
3553
3879
3640
3506
3541
3591
3545
3894
3675
3538
3571
3601
3523
3849
3620
3497
3543
3592
3555
3899
3671
3531
3550
3571
3490
3817
3593
3475
3520
3580
3538
3880
3652
3509
3526
3567
3510
3853
3634
3513
3565
3620
3563
3893
3646
3493
3523
3571
3512
3859
3636
3523
3568
PWM set: 80
2521
2554
2537
2611
2591
2483
2550
2644
2784
2519
2618
2485
2535
2563
2542
2607
2584
2529
2765
2601
2517
2527
2566
2524
2761
2608
2527
2533
2573
2525
2762
2608
2524
2537
2583
2543
2790
2629
2543
2538
2581
2534
2775
2613
2520
2528
2578
2541
2786
2622
2530
2533
2579
2538
2779
2609
2524
2537
2591
2550
2790
2617
2524
2530
2582
2541
2771
2611
2525
2542
2597
2552
2782
2605
2521
2531
2580
2528
2766
2607
2530
2547
2596
2543
2769
2605
2521
2530
2579
2530
2774
2619
2541
2550
2588
2531
2763
2604
2519
2527
2572
2537
2785
2626
2541
2543
2581
2535
2781
2618
2532
2539
2591
2556
2797
2632
2535
2535
2582
2537
2778
2612
2523
2536
2589
2545
2780
2600
2512
2525
2582
2544
2783
2619
2535
2548
2600
2552
2775
2610
2528
2540
2590
2536
2769
2605
2526
2535
2576
2522
2757
2599
2518
2530
2574
2527
2762
2606
2522
2524
2562
2517
2756
2600
2518
2524
2571
2529
2773
2611
2520
2516
2564
2527
2771
2613
2531
2535
2586
2545
2786
2618
2521
2521
2567
2522
2761
2596
2512
2519
2576
2538
2775
2604
2514
2522
2574
2532
2768
2603
2523
2541
2595
2552
2782
2610
2522
2531
2582
2532
2771
2608
2536
2548
2599
2545
2773
2608
2524
2532
2580
2533
2772
2617
2541
2554
2596
2540
2775
2617
2532
2537
2581
2539
2785
2626
2538
2536
2573
2525
2758
2596
2505
2514
2570
2535
2783
2619
2525
2523
2565
PWM set: 100
1955
2010
2000
1914
1971
2042
2157
1950
2029
1922
1957
1974
1953
2006
1993
1910
1961
2151
2023
1959
1962
2011
1977
2163
2026
1955
1954
2000
1967
2151
2023
1962
1969
2015
1973
2148
2024
1961
1966
2010
1973
2155
2024
1963
1961
1997
1957
2139
2014
1956
1958
2002
1965
2149
2028
1963
1964
2003
1966
2150
2024
1962
1959
2000
1966
2154
2026
1960
1956
1997
1961
2145
2021
1955
1953
1999
1966
2155
2026
1959
1956
1997
1963
2148
2022
1956
1957
2002
1967
2150
2019
1953
1948
1991
1958
2141
2014
1953
1958
2005
1969
2148
2015
1948
1953
1998
1965
2149
2023
1963
1966
2008
1969
2144
2016
1953
1959
2004
1971
2159
2037
1975
1975
2012
1974
2158
2036
1972
1973
2014
1981
2168
2041
1976
1972
2012
1975
2159
2033
1966
1966
2011
1980
2167
2037
1968
1965
2003
1968
2154
2026
1963
1965
2014
1978
2163
2029
1954
1955
1998
1964
2147
2020
1958
1963
2010
1973
2152
2018
1949
1951
1994
1959
2141
2016
1959
1963
2004
1963
2141
2011
1951
1951
1994
1960
2145
2025
1963
1962
1998
1957
2141
2012
1953
1956
2000
1965
2155
2032
1967
1961
1997
1958
2139
2016
1952
1953
1999
1970
2156
2028
1955
1948
1992
1956
2142
2017
1955
1962
2013
1980
2162
2024
1956
1954
1997
1962
2143
2015
1956
1962
2006
1965
2143
2018
1953
1954
1997
1959
2141
2020
1960
1963
2001
1960
2141
2015
1953
1954
1994
1958
PWM set: 120
1627
1556
1595
1650
1739
1573
1636
1553
1586
1602
1586
1630
1623
1552
1591
1647
1739
1640
1593
1589
1624
1591
1738
1636
1585
1584
1621
1593
1744
1644
1594
1586
1619
1587
1736
1634
1584
1582
1619
1590
1739
1634
1580
1577
1615
1587
1734
1631
1580
1581
1623
1594
1740
1631
1582
1580
1618
1591
1740
1636
1585
1584
1620
1590
1733
1631
1581
1581
1620
1591
1738
1636
1589
1589
1627
1595
1741
1638
1588
1588
1625
1593
1742
1641
1589
1587
1620
1589
1736
1635
1587
1586
1623
1594
1741
1641
1589
1585
1621
1591
1738
1639
1589
1585
1622
1594
1742
1638
1585
1583
1621
1592
1741
1637
1587
1587
1625
1596
1742
1638
1583
1581
1620
1592
1738
1636
1586
1588
1626
1595
1741
1634
1583
1582
1619
1588
1737
1637
1588
1590
1626
1594
1738
1634
1585
1584
1622
1591
1740
1641
1590
1589
1621
1588
1732
1630
1581
1579
1616
1588
1738
1637
1587
1583
1619
1589
1738
1635
1583
1582
1620
1595
1745
1643
1591
1586
1620
1591
1739
1633
1583
1583
1622
1593
1743
1634
1580
1580
1617
1588
1735
1632
1582
1583
1623
1593
1738
1635
1585
1584
1620
1589
1733
1632
1584
1584
1619
1586
1728
1627
1575
1576
1612
1583
1732
1632
1582
1581
1619
1589
1736
1633
1583
1579
1615
1587
1740
1639
1586
1582
1619
1587
1735
1634
1584
1582
1622
1596
1744
1642
1585
1582
1619
1592
1740
1636
1585
1583
1621
1592
1739
PWM set: 140
1332
1379
1456
1316
1370
1301
1327
1339
1325
1362
1356
1298
1332
1378
1453
1312
1366
1335
1354
1378
1368
1340
1360
1381
1368
1337
1358
1378
1369
1340
1359
1381
1369
1339
1355
1377
1370
1340
1358
1380
1369
1338
1354
1377
1369
1338
1354
1376
1369
1338
1357
1383
1375
1343
1358
1382
1370
1339
1357
1382
1370
1334
1351
1375
1364
1335
1355
1375
1364
1333
1354
1375
1366
1335
1351
1372
1362
1332
1349
1371
1363
1333
1348
1371
1364
1336
1353
1378
1370
1338
1350
1373
1367
1335
1354
1378
1370
1336
1353
1376
1369
1336
1356
1379
1369
1335
1354
1377
1366
1336
1357
1379
1366
1334
1352
1376
1368
1339
1357
1378
1366
1336
1353
1376
1369
1338
1353
1373
1365
1335
1351
1376
1368
1337
1352
1374
1369
1337
1354
1377
1366
1336
1351
1374
1365
1336
1353
1378
1368
1335
1352
1376
1366
1338
1357
1379
1366
1333
1349
1370
1364
1336
1354
1374
1363
1335
1352
1373
1366
1337
1352
1375
1366
1336
1352
1373
1366
1336
1351
1372
1365
1335
1353
1378
1369
1336
1351
1376
1365
1333
1352
1374
1366
1332
1350
1373
1364
1335
1355
1378
1369
1337
1354
1377
1368
1339
1357
1377
1366
1335
1352
1374
1368
1339
1353
1374
1365
1336
1351
1374
1367
1333
1346
1370
1363
1335
1352
1374
1366
1333
1349
1373
1364
1334
1355
1377
1369
1335
1352
1374
1364
1336
1355
1378
1367
1339
1357
1380
1370
1340
1357
PWM set: 160
1158
1154
1104
1131
1172
1237
1117
1165
1107
1131
1142
1130
1161
1157
1105
1134
1237
1103
1126
1104
1239
1110
1131
1104
1236
1104
1124
1101
1236
1106
1123
1098
1233
1102
1122
1101
1237
1102
1122
1097
1233
1101
1122
1102
1235
1101
1121
1101
1235
1102
1127
1104
1236
1104
1123
1102
1235
1104
1125
1102
1235
1103
1125
1101
1235
1105
1125
1101
1234
1103
1125
1100
1235
1103
1121
1098
1233
1102
1122
1100
1235
1102
1124
1101
1236
1104
1124
1104
1239
1103
1123
1101
1236
1103
1125
1104
1236
1102
1124
1102
1234
1103
1126
1102
1233
1102
1123
1098
1232
1102
1122
1098
1231
1102
1122
1100
1237
1106
1125
1100
1234
1103
1123
1101
1236
1104
1122
1099
1234
1101
1122
1101
1236
1101
1120
1100
1234
1103
1124
1101
1233
1101
1123
1102
1234
1102
1123
1100
1231
1101
1124
1101
1236
1104
1125
1101
1235
1103
1123
1100
1238
1105
1123
1100
1235
1103
1123
1100
1237
1105
1123
1101
1236
1103
1124
1103
1237
1101
1121
1099
1235
1101
1125
1103
1235
1103
1123
1102
1236
1105
1125
1101
1234
1101
1123
1101
1234
1104
1127
1102
1235
1104
1126
1102
1236
1104
1123
1099
1235
1104
1124
1101
1239
1104
1122
1099
1235
1103
1124
1104
1237
1103
1121
1099
1234
1102
1123
1103
1236
1104
1125
1102
1237
1105
1127
1105
1236
1103
1126
1102
1236
1105
1126
1102
1236
1107
1127
1105
1240
1107
1127
PWM set: 180
994
981
1009
1006
963
987
1022
1079
977
1017
965
986
994
982
1009
1007
964
988
978
986
1009
989
978
986
1010
987
975
983
1008
987
974
982
1007
986
972
982
1007
986
971
980
1005
984
972
983
1007
984
972
982
1007
984
973
984
1009
986
975
983
1007
984
972
982
1004
982
971
981
1005
983
972
980
1004
984
973
981
1005
985
971
981
1006
984
972
981
1008
986
972
982
1008
988
975
986
1010
987
974
984
1009
986
976
986
1009
987
975
985
1009
988
977
987
1010
988
977
985
1010
989
976
985
1009
988
977
985
1011
990
977
986
1011
989
976
985
1010
988
978
986
1011
988
977
986
1011
989
977
986
1011
988
978
987
1010
987
975
983
1008
987
975
984
1009
986
977
986
1010
988
977
985
1007
987
975
984
1008
987
975
984
1009
989
977
986
1012
990
975
983
1007
987
974
984
1009
986
972
981
1006
984
974
984
1008
985
972
983
1005
984
973
983
1008
985
974
983
1008
988
976
983
1007
985
974
982
1007
987
974
981
1005
986
974
983
1009
988
973
982
1007
985
973
984
1008
984
972
982
1005
985
975
984
1008
987
976
985
1008
987
976
986
1009
985
976
983
1008
987
977
985
1009
988
978
985
1009
987
973
PWM set: 200
952
861
896
850
868
876
865
890
888
850
873
903
954
861
895
850
868
876
866
850
951
850
866
851
952
849
865
849
949
848
864
847
948
847
863
846
948
847
864
847
949
849
864
847
949
847
862
847
950
849
865
849
952
851
866
849
952
849
865
851
952
849
864
850
951
849
866
850
950
849
865
850
952
850
866
850
950
848
864
848
950
851
866
849
951
850
866
850
953
851
866
849
951
851
866
850
953
851
865
848
951
850
864
851
952
848
863
849
950
848
865
850
950
848
863
846
949
849
865
850
950
849
864
848
949
849
865
849
860
867
887
870
860
869
888
870
860
866
887
869
859
864
885
866
856
864
886
869
858
866
887
868
857
865
887
869
857
865
887
867
857
865
886
868
857
865
887
868
857
866
886
867
856
865
885
866
857
865
885
866
891
871
883
900
892
873
884
899
891
873
885
900
893
872
884
898
892
874
887
901
893
873
886
898
893
874
885
898
893
874
884
900
896
876
887
901
895
876
888
904
899
878
889
904
899
880
892
909
902
881
894
908
901
881
895
910
904
882
894
908
901
882
894
909
900
879
891
906
899
881
893
PWM set: 220
801
799
764
783
811
855
774
805
765
782
790
779
801
800
766
784
811
856
775
781
799
812
806
779
764
855
781
799
782
805
786
795
854
762
776
782
775
787
798
811
764
778
765
774
781
799
811
804
788
765
857
764
800
781
772
788
797
810
764
777
762
774
779
796
809
803
775
762
854
779
797
779
801
784
763
856
763
798
781
773
786
797
811
764
776
764
772
779
798
809
801
774
761
852
779
798
781
802
784
795
852
762
797
780
770
784
795
810
763
776
762
771
778
794
809
801
773
759
769
775
795
807
800
782
760
850
775
796
778
799
783
793
850
760
795
777
768
782
792
850
761
774
778
768
776
792
807
760
773
758
769
775
794
808
800
772
760
851
776
797
780
801
782
760
851
760
799
780
770
783
794
850
760
775
779
769
776
793
806
760
775
759
769
777
794
806
801
770
758
849
774
793
805
799
781
760
850
759
796
780
800
782
793
849
759
772
779
768
781
792
805
759
773
759
768
775
791
805
799
771
757
767
775
792
805
800
771
758
848
774
793
804
798
779
757
848
773
791
775
798
778
757
846
756
791
774
795
777
786
842
753
PWM set: 240
688
703
709
700
720
717
688
704
730
771
698
726
689
705
710
701
720
719
729
724
698
702
723
707
686
696
700
716
769
701
717
726
683
715
701
720
696
684
693
705
686
767
700
715
766
684
718
727
721
697
701
722
707
686
693
700
714
768
701
717
726
684
715
700
721
695
683
692
704
684
766
698
713
765
683
716
726
683
696
699
718
704
683
691
703
711
763
698
712
723
681
712
723
719
694
698
719
702
682
691
702
712
764
696
714
725
683
714
698
718
695
698
690
702
680
689
696
712
763
696
713
722
681
713
697
717
693
697
691
704
682
691
696
710
763
696
713
723
681
713
698
718
692
696
688
701
681
689
695
711
761
696
715
722
681
712
696
718
695
698
689
701
680
690
697
710
762
696
712
723
680
711
696
715
691
696
689
700
681
689
696
712
762
695
712
721
680
712
695
716
692
696
689
703
681
690
696
710
762
696
712
722
679
711
696
716
691
696
689
700
681
689
694
709
760
695
712
722
679
711
695
715
692
696
687
700
679
689
696
709
760
693
709
719
678
710
694
713
690
694
688
699
678
687
699
709
761
694
710
721
679
PWM set: 260
620
633
639
630
649
647
620
635
658
694
628
652
619
634
640
632
650
621
630
640
621
629
639
621
627
639
634
652
632
635
651
630
634
651
629
656
617
647
656
617
646
656
618
645
693
631
645
692
630
645
692
637
617
625
638
618
626
636
617
650
630
631
649
628
632
650
629
655
618
646
655
618
647
656
631
645
693
632
645
692
631
646
625
636
617
625
637
617
625
637
632
650
629
632
649
628
631
650
646
654
617
646
655
617
646
654
629
643
690
630
643
689
629
616
622
634
615
622
636
615
647
626
628
646
626
630
647
644
652
615
643
652
614
644
689
629
641
689
629
643
623
634
615
622
634
615
622
626
629
647
627
630
648
626
652
614
644
653
616
644
653
629
641
687
627
641
688
627
613
621
633
615
622
633
614
645
625
630
647
627
630
615
645
652
616
644
652
614
644
688
627
641
688
629
641
621
633
614
623
632
614
622
625
629
647
626
630
647
627
652
614
644
652
614
644
651
628
640
687
627
640
686
632
614
622
633
613
622
632
628
646
625
627
645
624
652
613
642
651
613
643
651
627
639
685
626
639
685
631
612
620
PWM set: 280
573
595
566
578
584
575
591
589
564
578
599
632
572
594
565
578
582
588
571
581
576
592
589
598
575
588
570
580
576
591
589
597
575
562
570
572
576
563
590
630
576
562
569
572
575
562
588
629
574
561
591
571
597
562
586
630
579
563
591
572
598
562
586
628
578
575
590
588
596
574
585
567
578
572
589
587
596
574
561
569
570
573
560
586
628
573
560
567
570
596
560
586
627
578
560
590
570
595
562
586
629
578
573
588
587
595
573
584
568
578
574
590
585
627
572
559
567
569
573
561
586
628
573
561
590
570
595
561
586
628
578
560
589
571
595
560
585
568
579
574
589
587
596
573
585
568
577
574
561
587
626
573
560
567
570
574
560
588
627
577
559
589
570
595
560
584
626
577
560
588
587
595
573
585
567
577
573
589
587
594
573
559
566
569
572
560
586
626
572
559
566
570
595
560
583
625
577
559
588
569
595
572
583
566
576
572
588
586
594
572
559
566
569
573
560
586
626
573
559
588
569
594
559
584
626
576
559
588
586
594
572
583
565
575
572
588
586
627
573
560
567
569
573
561
588
628
574
560
568
571
596
PWM set: 300
551
581
525
545
520
530
535
528
543
541
518
530
552
580
525
545
520
541
525
527
551
519
541
525
526
552
530
518
544
543
579
532
517
543
541
577
532
528
518
539
522
525
549
528
515
544
525
549
528
516
542
540
577
530
527
515
537
521
523
548
527
515
521
523
549
527
515
541
540
577
531
527
516
538
521
523
547
526
515
521
523
547
526
514
542
539
577
530
526
515
536
520
522
545
526
513
540
537
575
526
514
541
538
576
530
526
514
536
520
522
546
525
514
539
539
574
529
524
514
536
519
530
525
514
536
520
523
546
525
513
540
538
575
529
525
514
536
520
522
546
525
513
519
522
545
525
513
540
539
574
529
524
514
536
520
521
546
525
513
539
537
573
528
524
512
535
519
521
524
513
534
519
521
545
525
513
540
538
575
529
525
513
536
520
521
545
524
513
540
538
575
530
526
514
539
577
531
526
515
536
520
522
546
525
514
541
538
575
529
525
514
536
521
530
527
515
537
521
523
548
527
515
541
540
576
531
526
515
537
520
523
526
516
538
522
523
548
527
515
542
541
578
532
528
517
539
521
530
526
516
538
PWM set: 320
482
492
512
539
487
506
482
491
496
489
504
502
481
492
512
538
506
504
485
488
511
491
491
480
499
504
502
536
487
509
491
491
480
499
484
503
536
493
510
491
479
480
500
484
502
536
493
490
491
480
504
500
485
488
537
494
492
480
480
505
504
485
487
509
494
490
480
500
504
502
536
487
509
490
490
481
500
506
503
536
493
511
490
479
479
500
485
501
536
493
510
490
479
505
501
485
487
537
493
490
489
478
504
501
483
486
509
492
488
478
477
503
500
483
486
508
492
489
478
476
503
500
482
485
508
491
487
478
476
503
501
483
487
509
493
489
479
478
504
502
536
487
509
490
489
480
500
506
502
537
488
511
491
480
480
500
486
503
536
494
510
490
479
503
499
484
488
537
494
489
489
479
505
499
485
487
510
495
490
479
479
504
501
483
486
508
492
489
478
479
504
501
484
487
509
490
489
479
499
504
502
535
487
508
488
490
478
499
483
502
535
492
509
490
480
479
500
484
502
535
493
509
490
478
504
499
484
487
534
492
490
489
478
504
500
484
487
535
492
489
479
478
502
501
483
485
508
492
488
478
477
PWM set: 340
460
478
503
454
473
449
459
463
456
471
468
448
460
476
503
453
459
458
458
447
448
446
470
467
470
469
451
469
501
454
501
461
476
461
458
457
458
447
445
448
466
469
466
470
469
452
470
500
454
500
461
474
460
457
457
457
456
444
446
445
469
465
468
467
450
467
451
453
499
454
474
461
473
456
455
454
455
446
444
445
464
469
464
468
466
450
467
497
453
498
452
472
458
473
454
455
456
455
446
444
446
465
469
465
452
468
451
468
501
454
499
460
473
461
456
456
456
446
445
447
446
470
466
470
469
451
467
499
453
499
453
473
459
473
456
457
456
445
447
446
447
466
469
466
451
468
451
453
499
453
473
459
473
460
457
456
456
446
445
446
466
469
467
469
468
451
468
498
453
498
459
472
460
473
456
455
455
444
446
444
446
465
468
465
450
466
449
452
498
452
497
458
472
459
455
455
457
455
444
445
444
468
464
467
464
450
466
450
452
497
452
498
459
474
459
455
455
454
454
444
445
444
468
463
467
464
450
466
450
452
498
453
500
460
472
460
456
456
456
447
445
446
445
469
465
469
467
451
468
499
454
PWM set: 360
439
420
430
446
471
424
443
421
429
433
427
441
438
419
430
446
420
418
418
428
428
427
428
427
428
428
427
428
427
428
427
427
427
444
432
444
431
443
431
445
431
444
431
445
432
444
425
468
425
469
425
468
424
467
424
468
424
468
425
422
438
422
438
422
438
422
438
422
438
422
438
423
438
441
437
438
436
440
436
438
436
440
437
440
436
418
417
418
417
418
417
417
417
417
417
418
417
417
427
426
426
425
426
425
425
426
426
425
425
430
443
431
442
432
444
431
443
431
442
424
468
424
466
424
467
424
467
424
467
425
422
438
422
437
422
438
422
437
421
437
421
436
438
435
439
436
439
435
439
436
439
435
439
416
417
416
417
416
416
416
418
417
418
417
417
426
426
427
426
425
425
426
425
425
426
442
430
443
430
443
430
442
430
442
430
442
424
466
423
467
423
467
424
466
424
466
436
422
437
422
437
422
437
421
436
422
437
439
435
438
435
438
434
438
435
438
435
417
415
416
415
417
416
416
415
415
415
424
425
425
425
424
426
425
425
425
442
429
441
430
442
430
442
430
442
430
466
422
465
422
466
PWM set: 380
417
398
405
410
403
416
414
396
406
422
444
401
417
397
405
410
405
409
421
402
442
402
401
415
415
413
396
395
396
404
405
421
407
421
402
443
415
401
416
418
414
397
395
397
405
406
423
409
421
403
444
414
401
415
417
413
395
394
404
404
404
421
409
443
402
442
415
401
412
417
414
396
395
404
406
404
421
409
443
403
400
415
401
414
417
395
396
395
404
405
409
420
409
443
403
400
415
401
413
417
396
396
394
404
405
410
421
402
443
402
401
415
417
413
417
395
396
405
404
405
409
421
402
444
403
400
415
417
414
396
394
396
404
404
421
407
421
402
443
415
400
415
417
413
395
396
404
403
404
421
408
442
402
400
415
399
413
415
395
396
395
403
404
408
419
408
442
402
400
414
415
413
415
395
396
405
404
421
408
420
402
443
415
400
415
416
413
397
396
397
405
404
420
409
442
402
443
415
401
413
416
413
397
395
405
405
404
421
409
442
403
401
415
401
414
416
394
395
396
405
405
410
421
409
443
403
401
416
401
414
418
396
396
396
405
405
408
421
409
444
402
400
415
400
413
415
394
395
405
403
404
PWM set: 400
394
409
390
397
401
395
408
406
388
399
413
435
394
409
390
398
399
398
414
401
435
395
394
407
409
405
389
398
396
413
401
435
396
393
408
409
406
389
387
398
398
401
413
395
393
408
410
406
389
389
397
397
402
414
395
435
408
394
407
410
388
390
398
399
413
401
435
395
394
406
410
388
389
398
397
413
401
435
395
393
408
409
406
389
388
397
398
402
414
396
394
408
395
407
390
388
398
398
402
413
396
435
408
394
406
409
390
389
398
396
413
401
435
395
394
407
409
407
388
389
397
413
401
435
396
393
408
410
406
390
390
398
398
401
415
396
435
408
394
407
409
388
390
398
398
414
395
435
408
394
406
409
388
388
398
397
414
401
435
396
393
408
408
406
389
389
397
398
401
435
395
393
407
409
406
389
388
397
397
402
413
395
435
407
393
406
389
389
397
397
401
413
394
435
408
394
406
409
389
389
398
398
414
401
435
395
394
408
409
389
389
398
397
414
402
435
395
394
408
409
406
388
388
397
398
401
414
395
435
408
393
405
388
388
397
397
401
413
395
436
408
394
407
410
388
390
398
397
414
402
435
Done!
