PWM set: -400
483
492
483
487
498
499
487
507
516
509
475
498
482
491
483
487
499
475
484
510
477
501
476
481
492
493
504
477
504
480
495
469
487
488
488
500
474
502
477
492
468
486
486
485
496
473
500
466
489
464
470
480
480
457
466
487
460
493
468
485
462
468
477
474
453
463
483
455
487
464
478
453
458
451
467
464
465
445
456
476
453
480
448
470
456
472
449
454
463
464
462
458
438
460
473
452
479
447
478
452
468
454
453
448
464
463
463
440
458
470
451
473
447
479
446
468
452
451
445
452
463
463
461
459
438
456
468
448
470
445
475
452
466
449
445
441
448
441
458
458
459
437
455
436
447
466
445
473
443
473
449
465
451
447
441
448
459
459
457
457
436
455
466
447
468
446
473
442
472
448
462
448
445
439
445
439
456
454
455
434
454
435
445
466
444
464
440
471
441
465
450
465
441
448
442
458
458
460
439
458
437
449
469
447
474
443
474
449
463
448
447
440
446
442
460
457
457
436
457
435
444
466
446
471
441
472
449
463
447
446
441
447
441
458
458
459
435
455
435
446
467
447
473
442
471
448
462
447
463
441
446
PWM set: -380
478
473
442
463
448
456
448
452
461
463
452
470
480
473
441
463
448
482
458
474
449
456
467
468
467
467
447
460
483
457
490
466
482
458
465
476
478
453
463
484
459
491
466
484
460
468
477
477
453
473
484
458
493
469
484
459
465
475
474
451
472
486
464
491
459
482
465
460
455
473
451
470
449
461
481
453
485
461
477
453
457
467
470
446
464
444
455
475
449
480
456
470
454
450
444
450
460
461
439
460
440
450
468
449
476
445
476
453
468
452
448
444
449
459
459
438
458
437
448
469
450
476
445
477
454
468
450
448
444
450
459
461
440
459
438
450
471
450
478
446
480
455
469
445
450
443
460
459
461
439
458
438
449
468
448
475
445
477
453
469
445
450
443
459
457
459
437
457
436
447
467
448
473
444
475
451
465
449
447
442
445
441
458
457
456
435
454
434
443
463
444
464
439
470
441
464
447
462
440
447
442
448
459
459
457
455
436
456
468
448
469
443
474
442
464
449
466
443
449
443
460
458
458
436
457
437
447
468
447
474
442
473
451
468
451
450
445
450
459
459
439
459
439
451
473
451
477
446
478
454
470
PWM set: -360
509
502
468
491
473
483
473
478
487
490
478
496
505
499
465
487
480
477
472
489
468
491
503
475
509
484
482
490
494
473
485
513
477
502
476
494
492
492
508
484
514
488
485
496
495
471
483
515
480
505
480
500
496
494
509
483
508
492
490
500
498
509
485
515
490
490
483
502
477
487
516
481
507
481
500
477
498
510
481
506
480
486
495
495
509
485
514
490
487
497
497
475
486
514
479
504
480
499
496
494
509
483
508
491
488
498
497
472
483
513
489
485
478
497
474
483
505
477
503
477
482
492
492
471
481
511
486
501
476
495
472
495
508
481
504
488
483
493
492
472
483
514
489
505
480
499
475
495
509
480
505
481
487
496
495
509
484
512
488
487
498
499
474
486
514
478
503
479
498
497
495
509
482
509
491
488
498
499
510
486
516
492
489
498
499
477
489
517
484
510
484
501
476
486
510
482
506
481
488
497
495
508
480
513
489
487
497
499
475
485
513
479
503
478
497
473
493
505
478
500
482
479
490
493
469
480
503
476
498
471
479
490
489
467
480
509
475
497
473
489
489
486
498
476
506
480
493
467
486
484
483
PWM set: -340
522
511
531
538
532
496
519
502
511
503
506
518
519
509
529
537
531
503
528
502
520
497
510
539
511
510
521
519
533
505
533
507
524
496
507
539
512
507
517
517
531
502
526
499
517
491
501
531
507
505
516
515
528
500
523
506
502
511
511
525
498
523
496
514
489
499
529
505
504
516
516
529
502
529
503
521
497
509
541
515
511
521
520
534
504
529
504
525
500
510
543
517
514
523
522
537
509
535
507
526
503
512
536
507
525
503
513
544
517
515
527
524
537
508
534
506
525
501
513
535
506
525
498
509
539
513
508
518
518
530
502
528
502
520
495
506
537
511
508
517
516
529
501
526
500
506
515
515
530
501
524
497
516
491
501
529
504
503
515
512
524
498
522
498
515
490
514
530
499
524
497
516
491
500
532
508
506
516
515
529
503
527
499
517
493
504
535
510
508
520
518
530
501
527
501
520
495
507
538
511
509
518
518
532
504
531
505
523
498
510
539
513
511
521
521
535
507
534
508
525
498
508
539
513
510
521
522
536
507
532
504
523
499
511
541
514
523
499
509
539
511
510
522
520
534
507
533
505
521
496
508
PWM set: -320
551
553
542
565
575
570
532
557
539
550
541
546
557
561
548
570
578
538
554
571
541
547
557
558
583
557
553
539
549
575
547
566
577
549
558
572
569
590
560
570
544
551
578
568
571
587
565
562
547
559
581
550
567
582
554
561
571
558
592
554
573
585
554
561
573
571
594
565
573
548
554
581
569
568
589
561
560
546
558
581
551
570
585
562
558
545
560
594
555
573
586
555
561
572
556
588
552
572
546
552
579
569
567
588
558
556
543
558
582
551
568
584
564
560
569
556
591
553
573
585
555
563
575
560
592
561
571
546
554
581
570
572
596
565
573
547
562
585
556
573
587
564
562
548
560
582
554
571
586
566
564
551
564
590
561
578
591
569
568
555
566
591
560
580
595
572
568
552
564
589
560
577
591
570
568
555
565
588
560
579
595
570
566
553
568
593
582
581
603
575
584
556
562
590
580
578
598
569
578
552
562
590
578
576
599
572
582
556
562
591
582
566
597
557
578
591
560
566
576
576
598
557
576
548
555
582
573
574
595
567
576
551
558
583
570
567
590
562
562
550
561
585
555
573
588
563
562
547
561
585
554
PWM set: -300
603
615
604
610
622
626
613
637
647
639
597
625
604
613
605
610
623
613
597
606
614
599
612
638
624
610
634
623
622
647
604
622
647
605
627
642
615
624
637
613
611
594
603
611
598
606
636
618
602
629
617
618
637
596
617
642
612
621
633
607
617
589
597
602
587
601
630
619
603
626
592
609
632
589
609
620
597
598
583
592
598
609
595
620
607
605
626
587
610
624
601
610
583
590
596
580
594
619
610
597
634
592
609
633
600
610
624
591
598
582
593
626
615
601
626
614
611
634
592
610
624
602
616
630
598
602
587
596
626
615
598
625
615
615
640
596
615
633
609
620
631
605
603
589
600
608
590
603
628
618
603
636
593
613
640
600
619
630
604
616
632
597
601
585
594
625
613
598
623
591
611
634
591
611
623
600
611
583
592
598
582
595
620
609
607
628
586
602
618
594
603
575
582
588
602
587
612
581
599
622
592
603
615
583
593
579
590
620
606
593
620
590
607
628
600
614
627
603
597
582
591
599
611
594
619
608
609
634
592
609
626
603
616
629
592
599
584
593
623
611
596
622
592
612
634
591
612
627
606
615
585
PWM set: -280
623
652
631
642
631
636
648
650
635
658
669
661
617
644
624
635
627
631
660
650
634
659
647
635
664
651
632
657
643
630
659
645
631
662
652
639
665
649
632
658
625
645
670
626
648
674
633
653
678
632
650
663
651
649
664
651
650
666
653
641
669
655
639
668
652
639
667
654
640
669
658
645
674
658
642
666
653
640
668
654
640
670
660
647
675
631
637
642
628
639
646
628
637
648
636
646
652
632
638
644
629
638
645
628
648
662
680
656
667
678
651
662
677
651
660
673
652
668
694
649
668
692
648
668
695
648
668
683
670
657
687
673
657
684
642
652
660
642
649
656
640
650
659
688
662
673
685
661
672
686
659
669
692
647
668
694
650
668
693
646
652
678
665
649
678
664
650
680
668
652
676
633
642
651
634
642
648
632
643
653
637
644
651
636
657
669
684
658
667
681
657
672
689
660
667
694
651
670
694
644
662
690
648
656
684
668
652
682
671
659
684
641
649
659
648
658
664
645
665
677
694
666
676
688
663
672
701
655
677
702
657
665
697
683
667
692
678
659
670
652
659
667
696
672
685
701
673
683
705
661
681
PWM set: -260
744
747
733
760
774
765
716
748
724
739
728
732
748
754
738
767
779
770
752
729
737
770
740
747
773
743
723
729
714
736
750
777
725
733
766
716
724
749
765
721
746
762
749
728
738
769
740
751
779
751
734
737
717
736
748
775
729
739
771
724
732
757
774
732
755
768
750
727
738
773
745
756
785
755
740
745
778
747
755
778
749
732
740
726
749
760
784
732
742
749
730
749
754
774
722
733
770
726
733
756
775
734
760
777
728
732
754
770
727
752
769
751
728
739
774
748
760
775
759
733
740
771
743
753
783
756
740
745
780
754
762
789
759
738
740
723
741
754
779
728
738
774
728
736
759
774
729
751
768
751
729
739
772
744
756
786
762
746
748
776
741
746
774
748
733
736
718
738
751
777
729
738
767
719
721
743
758
717
741
758
742
721
732
768
741
752
780
747
724
726
711
733
748
771
720
728
766
722
734
757
769
723
747
761
748
726
731
761
734
747
782
755
735
736
716
735
748
777
723
730
762
717
732
761
789
734
737
764
715
724
749
764
720
741
759
748
732
742
775
746
754
781
753
735
738
719
740
754
783
733
741
PWM set: -240
811
829
832
815
847
862
853
797
833
804
818
805
808
824
829
810
839
852
840
791
797
802
785
806
815
831
780
792
820
850
818
793
800
833
785
796
829
780
802
813
845
815
792
819
838
791
800
803
781
803
811
831
816
794
820
848
821
801
808
844
796
800
834
782
803
813
849
820
797
825
852
793
801
809
843
794
819
835
783
806
818
853
823
798
822
845
787
796
804
841
796
816
831
780
805
823
856
827
798
824
843
800
810
818
857
805
827
843
793
817
830
850
830
802
829
859
831
811
822
856
805
809
811
845
816
825
842
789
809
825
857
831
807
835
862
805
812
818
857
809
814
846
792
814
824
845
794
803
831
858
827
804
831
845
795
801
804
837
803
814
831
781
793
821
849
816
794
799
834
785
792
824
773
795
802
838
809
787
815
835
789
795
799
777
798
806
823
804
779
807
838
786
796
804
837
801
811
831
780
790
816
839
808
790
801
840
796
804
838
788
812
825
844
827
799
819
843
811
794
801
840
795
803
837
788
812
823
842
823
796
821
844
786
795
803
838
791
815
834
784
807
819
850
817
789
813
830
787
798
803
787
PWM set: -220
945
883
925
895
912
899
906
924
928
906
937
952
938
874
913
880
895
882
887
894
937
889
896
898
934
883
893
901
945
891
895
895
930
877
884
895
938
883
890
893
933
884
897
907
945
889
895
896
931
877
887
893
928
878
885
889
927
878
891
895
933
882
887
887
920
870
878
883
922
871
882
886
926
877
886
894
934
882
886
888
925
870
878
885
925
875
882
888
925
878
891
901
942
891
900
904
935
881
888
896
938
889
896
893
932
885
900
909
947
893
897
896
935
888
900
907
946
892
898
904
946
898
910
918
959
896
900
903
940
889
898
905
940
885
894
902
947
901
916
923
959
903
907
914
957
910
921
920
955
900
910
920
965
916
924
926
962
907
915
922
965
911
914
918
952
901
911
923
969
914
922
927
965
912
921
929
967
910
916
918
955
903
914
922
967
914
925
930
966
912
920
926
966
912
918
920
960
910
919
924
964
910
919
922
960
904
909
917
956
902
909
914
953
895
902
909
950
898
907
913
948
891
901
909
949
894
901
902
935
881
893
902
941
891
898
896
932
883
893
901
939
888
891
889
923
871
881
887
928
877
878
PWM set: -200
1051
1059
1084
1090
1069
1108
1129
1110
1036
1081
1042
1058
1039
1045
1069
1076
1057
1105
1044
1051
1053
1091
1021
1033
1049
1102
1044
1053
1059
1097
1031
1042
1055
1102
1039
1048
1052
1087
1026
1037
1050
1097
1037
1046
1048
1097
1039
1055
1066
1111
1050
1053
1053
1094
1036
1050
1063
1113
1051
1052
1058
1105
1046
1061
1073
1118
1043
1044
1045
1089
1033
1048
1061
1103
1040
1050
1059
1104
1040
1053
1055
1089
1025
1031
1039
1084
1029
1045
1055
1101
1042
1048
1054
1099
1043
1053
1057
1097
1025
1026
1031
1080
1026
1042
1052
1096
1033
1039
1046
1093
1026
1036
1040
1081
1016
1023
1032
1074
1014
1029
1040
1086
1026
1038
1044
1082
1021
1034
1041
1082
1015
1020
1021
1068
1014
1028
1039
1083
1022
1026
1027
1076
1022
1034
1039
1080
1014
1020
1027
1074
1022
1033
1046
1091
1021
1028
1040
1093
1038
1048
1053
1086
1012
1019
1029
1081
1030
1047
1054
1089
1024
1035
1047
1096
1037
1044
1039
1066
1000
1010
1023
1077
1023
1028
1028
1068
1013
1028
1043
1093
1031
1033
1033
1070
1008
1020
1038
1087
1019
1026
1032
1080
1027
1045
1058
1097
1028
1034
1034
1077
1016
1030
1041
1086
1024
1031
1038
1080
1027
1045
1054
1102
1036
1039
1040
1082
1024
1034
1041
1085
1024
1032
1039
1086
1031
1043
1054
1099
1039
1045
1049
1091
1025
1036
1044
1088
1025
1033
1043
1086
1029
PWM set: -180
1179
1141
1161
1146
1157
1187
1198
1178
1226
1247
1228
1145
1195
1156
1175
1155
1159
1159
1203
1142
1162
1180
1230
1161
1168
1176
1220
1156
1174
1180
1230
1161
1170
1177
1228
1169
1177
1195
1250
1182
1194
1198
1246
1176
1183
1200
1252
1182
1186
1189
1236
1161
1176
1199
1258
1191
1200
1206
1251
1176
1193
1212
1263
1190
1197
1199
1244
1186
1204
1224
1270
1196
1204
1203
1255
1194
1218
1240
1287
1209
1202
1198
1249
1194
1220
1239
1285
1202
1191
1197
1255
1195
1214
1232
1275
1184
1183
1194
1251
1194
1207
1219
1259
1176
1179
1193
1251
1187
1203
1210
1245
1170
1177
1193
1242
1180
1194
1195
1240
1166
1173
1187
1245
1186
1190
1193
1235
1159
1166
1179
1234
1164
1166
1169
1213
1142
1150
1165
1220
1147
1159
1166
1208
1137
1146
1160
1204
1136
1143
1148
1196
1126
1140
1151
1204
1146
1158
1166
1205
1126
1132
1137
1189
1130
1143
1148
1186
1116
1125
1138
1198
1142
1152
1157
1200
1130
1132
1143
1190
1129
1136
1143
1188
1115
1128
1143
1201
1138
1148
1160
1201
1126
1134
1147
1200
1136
1148
1157
1193
1123
1137
1154
1207
1143
1149
1149
1183
1115
1128
1147
1200
1134
1139
1136
1178
1118
1141
1157
1214
1145
1148
1153
1200
1142
1156
1172
1220
1143
1146
1149
1196
1133
1155
1176
1228
1156
1162
1166
1213
1147
1165
1177
1216
1136
1135
1139
1185
1128
1152
1163
1211
PWM set: -160
1495
1470
1375
1438
1391
1412
1387
1394
1422
1428
1394
1441
1462
1440
1343
1405
1357
1374
1423
1484
1368
1405
1382
1388
1462
1406
1372
1414
1454
1466
1381
1371
1409
1428
1332
1371
1399
1391
1462
1376
1374
1420
1447
1356
1396
1425
1414
1467
1376
1372
1418
1439
1344
1388
1422
1405
1458
1371
1377
1431
1461
1358
1401
1388
1403
1480
1423
1397
1418
1393
1446
1367
1369
1418
1452
1364
1381
1397
1429
1470
1351
1392
1421
1413
1463
1371
1364
1398
1426
1341
1381
1411
1398
1450
1356
1358
1404
1464
1344
1391
1415
1397
1441
1347
1347
1356
1405
1329
1342
1362
1415
1337
1350
1359
1418
1349
1369
1415
1462
1349
1381
1384
1414
1330
1380
1406
1391
1446
1358
1353
1394
1457
1350
1402
1387
1398
1469
1399
1341
1399
1434
1350
1385
1401
1384
1430
1335
1350
1402
1473
1359
1401
1417
1397
1436
1349
1368
1416
1475
1359
1402
1387
1388
1459
1397
1357
1420
1458
1385
1406
1408
1436
1467
1340
1376
1403
1392
1465
1384
1377
1411
1430
1333
1381
1407
1400
1460
1369
1370
1422
1448
1354
1388
1417
1402
1454
1364
1363
1407
1438
1347
1389
1408
1391
1441
1363
1369
1423
1450
1354
1394
1414
1390
1450
1367
1366
1405
1423
1330
1378
1398
1388
1448
1364
1360
1399
1444
1391
1347
1405
1433
1341
1372
1377
1401
1307
1345
1373
1367
1424
1342
1350
1388
1433
1370
1332
1394
1429
1337
1366
1377
PWM set: -140
1666
1699
1709
1674
1735
1761
1731
1610
1678
1624
1659
1637
1654
1701
1724
1696
1763
1769
1730
1692
1665
1708
1735
1722
1682
1672
1668
1725
1762
1760
1716
1683
1658
1709
1743
1739
1704
1688
1669
1725
1764
1768
1719
1684
1660
1708
1747
1754
1717
1690
1667
1735
1772
1766
1719
1685
1659
1716
1747
1743
1695
1667
1660
1726
1774
1782
1731
1684
1657
1700
1723
1716
1664
1645
1637
1706
1751
1751
1701
1667
1637
1682
1701
1692
1660
1648
1648
1721
1772
1766
1718
1686
1665
1708
1729
1732
1690
1670
1658
1717
1754
1748
1697
1668
1642
1688
1720
1725
1691
1671
1667
1726
1769
1771
1717
1670
1631
1677
1716
1732
1700
1680
1662
1725
1764
1755
1694
1643
1611
1658
1693
1710
1687
1671
1675
1739
1770
1748
1677
1628
1603
1655
1701
1717
1687
1670
1654
1704
1726
1702
1641
1610
1594
1655
1695
1700
1670
1650
1643
1689
1707
1703
1658
1638
1630
1690
1730
1735
1691
1659
1640
1694
1734
1733
1686
1664
1641
1687
1727
1741
1709
1679
1663
1722
1758
1763
1716
1685
1653
1701
1741
1748
1708
1680
1672
1731
1758
1747
1699
1657
1641
1704
1746
1747
1705
1682
1669
1727
1760
1761
1707
1678
1660
1716
1755
1756
1726
1705
1683
1733
1762
1750
1703
1667
1655
1717
1762
1772
1738
1716
1708
1764
1786
1783
1735
1701
1677
1735
1790
1806
1773
1748
1714
1750
1771
1758
1701
1666
1648
1722
1778
PWM set: -120
2267
2249
2357
2387
2355
2188
2291
2204
2243
2190
2199
2250
2291
2250
2335
2347
2312
2257
2231
2200
2286
2340
2327
2267
2204
2174
2274
2323
2306
2237
2196
2187
2285
2347
2316
2224
2196
2178
2279
2323
2289
2217
2172
2142
2224
2272
2256
2226
2198
2178
2265
2276
2234
2162
2121
2101
2178
2243
2260
2215
2194
2154
2216
2221
2176
2127
2108
2100
2188
2252
2253
2204
2150
2100
2160
2204
2210
2169
2134
2117
2214
2268
2268
2204
2182
2141
2209
2254
2242
2204
2158
2133
2229
2296
2289
2225
2186
2165
2240
2279
2257
2182
2142
2127
2234
2294
2292
2216
2193
2163
2231
2255
2215
2170
2157
2160
2269
2301
2271
2212
2176
2147
2206
2237
2241
2198
2181
2169
2245
2281
2270
2200
2167
2125
2194
2260
2269
2217
2189
2156
2237
2258
2241
2192
2150
2112
2198
2264
2261
2203
2176
2159
2244
2286
2278
2199
2155
2148
2248
2315
2270
2192
2154
2151
2257
2301
2278
2208
2175
2157
2236
2279
2260
2196
2175
2172
2285
2338
2320
2252
2204
2172
2268
2314
2287
2250
2236
2213
2299
2325
2312
2249
2197
2179
2264
2306
2319
2276
2253
2221
2296
2343
2314
2239
2211
2191
2281
2328
2320
2279
2238
2207
2336
2371
2335
2262
2223
2211
2290
2324
2330
2260
2246
2247
2349
2398
2348
2251
2184
2157
2246
2314
2321
2275
2255
2233
2340
2365
2321
2222
2165
2148
2249
2325
2342
2292
2260
2234
2310
2344
2299
PWM set: -100
3195
3142
3109
2886
3047
2925
3007
2924
2967
3057
3137
3066
3189
3189
3147
2882
3014
2975
2964
0
3034
0
3101
3084
0
2965
0
3107
0
3205
0
3051
0
2982
0
3176
0
3196
0
3097
0
2981
0
3150
0
3150
2880
2901
2920
0
3134
0
3156
2895
2928
2893
2991
0
3218
0
2927
0
3080
0
3081
0
3233
0
2949
0
3050
0
3132
0
3286
0
2970
0
3113
0
3133
0
3285
0
2918
2968
0
3062
0
3177
0
3185
0
3050
0
3107
0
3233
0
3288
0
3073
0
3164
0
3227
0
3294
0
3106
0
3213
0
3260
0
3254
0
3046
0
3110
0
3187
0
3310
0
3096
0
3144
0
3278
0
3346
0
3088
0
3123
0
3290
0
3389
0
3075
0
3123
0
3296
0
3317
0
3045
0
3161
0
3284
0
3281
0
3074
0
3076
0
3192
0
3252
0
3041
0
3106
0
3199
0
3327
0
3031
0
3139
0
3223
0
3254
0
3090
0
3101
0
3241
0
3294
0
3080
0
3147
0
3223
0
3288
0
3057
0
3096
0
3228
0
3358
0
3121
0
3125
0
3225
0
3293
0
3059
0
3116
0
3271
0
3251
0
3006
0
2980
0
3114
0
3195
0
2969
0
2982
0
3131
0
3197
3066
2980
2943
0
3034
0
3098
2981
2920
2861
3045
0
3142
2872
2922
PWM set: -80
4337
0
0
0
0
4472
0
0
0
4916
0
0
0
4443
0
0
0
0
4318
0
0
0
0
4670
0
0
0
0
4454
0
0
0
4587
0
0
0
0
4895
4720
5005
4859
4983
4410
4681
4450
4743
4445
4464
4479
4840
4716
4902
4715
4802
4406
4685
4356
4452
4153
4257
4392
4802
4603
4732
4513
4592
4169
0
4186
4376
4171
4277
4388
4728
4577
4753
4555
4583
4206
4538
4296
4491
4273
4444
4494
4775
4523
4787
4682
4815
4308
4600
4340
4555
4365
4440
4488
4787
4651
4893
4707
4777
4357
4698
4428
4606
4260
4336
4411
4838
4656
4842
4624
4705
4276
4627
4436
4713
4465
4480
4438
4710
4571
4833
4711
4845
4441
4775
4458
4599
4302
4450
4584
4963
4718
4911
4723
4856
4453
4764
4532
4755
4418
4363
4287
4608
4603
4978
4757
4819
4382
4729
4407
4554
4259
4335
4471
4956
4778
4920
4694
4785
4389
4642
4335
4491
4302
4418
4502
4849
4656
4916
4725
4796
4301
4644
4454
4728
4469
4591
4620
4984
4747
4908
4708
4768
4329
4626
4407
4686
4432
4444
4483
4918
4765
4996
4725
4761
4340
4683
4441
4631
4329
4375
4500
4935
4718
4823
4601
4682
4373
4806
4544
4714
4394
4532
4614
4965
4678
4904
4760
4883
4429
4729
4509
4692
4398
4452
4501
4835
4667
4906
4804
4924
4487
4827
4506
4671
4406
4529
4555
4999
4831
5061
4772
4801
4377
4733
4503
4681
4399
PWM set: -60
0
0
0
0
0
0
0
0
8775
0
0
0
0
0
0
0
0
0
0
0
0
0
0
0
0
0
0
0
0
0
0
0
0
0
0
0
0
0
0
0
0
0
0
0
0
0
8414
0
0
0
0
0
0
0
0
0
0
0
0
0
0
0
0
0
0
0
0
0
0
0
0
0
0
0
0
0
0
0
0
0
8668
0
0
0
0
0
0
0
0
0
0
0
0
0
0
0
0
0
0
8333
0
0
0
0
0
0
0
0
0
0
0
0
0
0
0
0
0
0
0
0
0
0
0
0
7711
0
0
0
0
0
0
0
0
8368
0
0
0
0
0
0
0
0
0
0
0
0
0
0
0
0
0
0
0
0
0
7649
0
0
0
0
0
0
0
0
0
0
0
0
0
0
0
0
0
0
0
0
0
0
0
0
0
0
9108
0
0
0
0
0
0
0
0
0
0
8181
0
0
0
0
0
0
0
0
0
0
0
0
0
0
0
0
0
0
0
0
0
0
0
0
0
0
0
0
0
0
0
0
0
9448
0
0
0
0
0
0
0
0
0
0
0
0
0
0
0
0
0
0
0
0
0
0
0
PWM set: -40
0
0
0
0
0
0
0
0
0
0
0
0
0
0
0
0
0
0
0
0
0
0
0
0
0
0
0
0
0
0
0
0
0
0
0
0
0
0
0
0
0
0
0
0
0
0
0
0
0
0
0
0
0
0
0
0
0
0
0
0
0
0
0
0
0
0
0
0
0
0
0
0
0
0
0
0
0
0
0
0
0
0
0
0
0
0
0
0
0
0
0
0
0
0
0
0
0
0
0
0
0
0
0
0
0
0
0
0
0
0
0
0
0
0
0
0
0
0
0
0
0
0
0
0
0
0
0
0
0
0
0
0
0
0
0
0
0
0
0
0
0
0
0
0
0
0
0
0
0
0
0
0
0
0
0
0
0
0
0
0
0
0
0
0
0
0
0
0
0
0
0
0
0
0
0
0
0
0
0
0
0
0
0
0
0
0
0
0
0
0
0
0
0
0
0
0
0
0
0
0
0
0
0
0
0
0
0
0
0
0
0
0
0
0
0
0
0
0
0
0
0
0
0
0
0
0
0
0
0
0
0
0
0
0
0
0
0
0
0
0
0
0
0
0
0
0
0
0
0
0
0
PWM set: -20
0
0
0
0
0
0
0
0
0
0
0
0
0
0
0
0
0
0
0
0
0
0
0
0
0
0
0
0
0
0
0
0
0
0
0
0
0
0
0
0
0
0
0
0
0
0
0
0
0
0
0
0
0
0
0
0
0
0
0
0
0
0
0
0
0
0
0
0
0
0
0
0
0
0
0
0
0
0
0
0
0
0
0
0
0
0
0
0
0
0
0
0
0
0
0
0
0
0
0
0
0
0
0
0
0
0
0
0
0
0
0
0
0
0
0
0
0
0
0
0
0
0
0
0
0
0
0
0
0
0
0
0
0
0
0
0
0
0
0
0
0
0
0
0
0
0
0
0
0
0
0
0
0
0
0
0
0
0
0
0
0
0
0
0
0
0
0
0
0
0
0
0
0
0
0
0
0
0
0
0
0
0
0
0
0
0
0
0
0
0
0
0
0
0
0
0
0
0
0
0
0
0
0
0
0
0
0
0
0
0
0
0
0
0
0
0
0
0
0
0
0
0
0
0
0
0
0
0
0
0
0
0
0
0
0
0
0
0
0
0
0
0
0
0
0
0
0
0
0
0
0
PWM set: 0
0
0
0
0
0
0
0
0
0
0
0
0
0
0
0
0
0
0
0
0
0
0
0
0
0
0
0
0
0
0
0
0
0
0
0
0
0
0
0
0
0
0
0
0
0
0
0
0
0
0
0
0
0
0
0
0
0
0
0
0
0
0
0
0
0
0
0
0
0
0
0
0
0
0
0
0
0
0
0
0
0
0
0
0
0
0
0
0
0
0
0
0
0
0
0
0
0
0
0
0
0
0
0
0
0
0
0
0
0
0
0
0
0
0
0
0
0
0
0
0
0
0
0
0
0
0
0
0
0
0
0
0
0
0
0
0
0
0
0
0
0
0
0
0
0
0
0
0
0
0
0
0
0
0
0
0
0
0
0
0
0
0
0
0
0
0
0
0
0
0
0
0
0
0
0
0
0
0
0
0
0
0
0
0
0
0
0
0
0
0
0
0
0
0
0
0
0
0
0
0
0
0
0
0
0
0
0
0
0
0
0
0
0
0
0
0
0
0
0
0
0
0
0
0
0
0
0
0
0
0
0
0
0
0
0
0
0
0
0
0
0
0
0
0
0
0
0
0
0
0
0
PWM set: 20
0
0
0
0
0
0
0
0
0
0
0
0
0
0
0
0
0
0
0
0
0
0
0
0
0
0
0
0
0
0
0
0
0
0
0
0
0
0
0
0
0
0
0
0
0
0
0
0
0
0
0
0
0
0
0
0
0
0
0
0
0
0
0
0
0
0
0
0
0
0
0
0
0
0
0
0
0
0
0
0
0
0
0
0
0
0
0
0
0
0
0
0
0
0
0
0
0
0
0
0
0
0
0
0
0
0
0
0
0
0
0
0
0
0
0
0
0
0
0
0
0
0
0
0
0
0
0
0
0
0
0
0
0
0
0
0
0
0
0
0
0
0
0
0
0
0
0
0
0
0
0
0
0
0
0
0
0
0
0
0
0
0
0
0
0
0
0
0
0
0
0
0
0
0
0
0
0
0
0
0
0
0
0
0
0
0
0
0
0
0
0
0
0
0
0
0
0
0
0
0
0
0
0
0
0
0
0
0
0
0
0
0
0
0
0
0
0
0
0
0
0
0
0
0
0
0
0
0
0
0
0
0
0
0
0
0
0
0
0
0
0
0
0
0
0
0
0
0
0
0
0
PWM set: 40
0
0
0
0
0
0
0
0
0
0
0
0
0
0
0
0
0
0
0
0
0
0
0
0
0
0
0
0
0
0
0
0
0
0
0
0
0
0
0
0
0
0
0
0
0
0
0
0
0
0
0
0
0
0
0
0
0
0
0
0
0
0
0
0
0
0
0
0
0
0
0
0
0
0
0
0
0
0
0
0
0
0
0
0
0
0
0
0
0
0
0
0
0
0
0
0
0
0
0
0
0
0
0
0
0
0
0
0
0
0
0
0
0
0
0
0
0
0
0
0
0
0
0
0
0
0
0
0
0
0
0
0
0
0
0
0
0
0
0
0
0
0
0
0
0
0
0
0
0
0
0
0
0
0
0
0
0
0
0
0
0
0
0
0
0
0
0
0
0
0
0
0
0
0
0
0
0
0
0
0
0
0
0
0
0
0
0
0
0
0
0
0
0
0
0
0
0
0
0
0
0
0
0
0
0
0
0
0
0
0
0
0
0
0
0
0
0
0
0
0
0
0
0
0
0
0
0
0
0
0
0
0
0
0
0
0
0
0
0
0
0
0
0
0
0
0
0
0
0
0
0
PWM set: 60
0
0
0
0
0
0
0
0
0
0
0
0
0
0
0
0
0
0
0
0
0
0
0
0
0
8048
0
0
0
0
0
0
0
0
0
0
0
0
0
0
0
0
0
0
0
0
0
0
0
0
0
0
0
0
0
0
0
0
0
0
0
0
0
0
0
0
0
0
0
0
0
0
0
0
0
0
0
0
0
0
0
0
0
0
0
0
0
0
0
0
0
0
0
0
0
0
0
0
0
0
0
0
0
0
0
0
0
0
0
0
0
0
0
0
0
7937
0
0
0
0
0
0
0
0
0
0
0
0
0
0
0
0
0
0
0
0
0
8378
0
0
0
0
0
0
0
0
0
0
0
0
0
0
0
0
0
0
0
0
0
0
0
0
0
0
0
8732
0
0
0
0
0
0
0
8895
0
0
0
0
0
0
0
0
0
0
0
0
0
0
0
0
0
0
0
0
0
0
0
0
0
0
0
0
0
0
0
0
0
0
0
0
0
0
0
0
0
0
0
0
0
0
0
0
0
0
0
0
0
0
0
0
0
0
0
0
0
0
0
0
0
0
0
0
0
0
0
8290
0
0
0
0
0
PWM set: 80
5116
0
0
0
4767
0
0
4845
0
0
0
4978
0
0
0
4475
0
0
0
5173
0
0
5135
0
0
0
4817
0
0
0
4993
0
0
0
4916
4962
4723
5106
4943
5048
4834
5108
4793
5031
4503
4925
4817
5100
4894
5192
4930
5032
4844
5030
4579
4836
4497
5060
4827
4971
4772
5188
5028
5108
4862
5190
4844
5031
4512
5019
4946
5288
5107
5346
5006
5151
5026
5176
4720
5020
4614
5271
5084
5169
4812
5161
5110
5215
4903
5075
4764
5101
4580
5086
5036
5412
5138
5293
4968
5098
4963
5189
4783
5115
4700
5300
5011
5038
4809
5200
5113
5303
5079
5279
4845
5138
4678
5326
5255
5562
5220
5367
5023
5187
5088
5401
4865
5088
4635
5266
5067
5163
4939
5283
5121
5201
4912
5102
4784
5307
4902
5296
5029
5192
4907
5152
4972
5194
4977
5165
4688
4892
4466
5031
4937
5042
4841
5221
5112
5348
5006
5147
4789
5150
4679
5125
4935
5107
4920
5231
4911
5040
4897
5155
4701
4935
4537
5192
5204
5386
4984
5301
5266
5448
4995
5088
4659
5042
4744
5265
4929
5034
4820
5089
4774
4854
4666
4933
4623
4858
4475
5045
4965
5132
4893
5364
5319
5513
5051
5113
4658
4938
4520
4932
4688
4799
4584
4856
4636
4791
4725
5105
4800
5008
4519
5076
5024
5225
4879
5092
4844
4978
4662
4775
4452
4881
4586
5086
4899
5065
4831
5215
5007
5130
4932
5229
4882
5073
4574
5182
5079
PWM set: 100
3000
2834
3096
3095
3138
3055
3211
3148
3144
3047
3129
2962
3066
2863
3141
3161
3180
0
3098
0
3037
0
2913
0
3193
0
3107
0
3042
0
2857
0
3125
0
3005
0
3056
0
2962
0
3144
0
3079
0
3096
0
2838
3063
2942
0
3037
0
2921
2869
0
3104
0
3081
0
3049
3017
3068
3102
0
3119
0
3146
0
2927
0
3131
0
3208
0
3178
0
2922
0
3251
0
3232
0
3258
0
2996
0
3305
0
3279
0
3225
0
3001
0
3293
0
3248
0
3277
0
3054
0
3368
0
3273
0
3259
0
3047
0
3304
0
3315
0
3323
0
2996
0
3271
0
3264
0
3198
0
2953
0
3310
0
3243
0
3209
0
2930
0
3265
0
3274
0
3153
0
3002
0
3325
0
3271
0
3173
0
3006
0
3330
0
3230
0
3198
0
3026
0
3249
0
3219
0
3201
0
3003
0
3295
0
3229
0
3235
0
3016
0
3217
0
3205
0
3188
0
2936
0
3239
0
3267
0
3137
0
2930
0
3274
0
3210
0
3126
0
2959
0
3304
0
3188
0
3101
0
2920
0
3209
0
3174
0
3043
0
2868
0
3223
0
3104
0
3002
3008
3104
3099
0
3020
2887
2893
2848
0
3102
0
2976
0
2985
2975
3058
3042
0
3050
0
3046
0
2812
3024
2938
0
2997
2936
2939
3039
3057
0
PWM set: 120
2275
2238
2136
2206
2181
2165
2137
2212
2160
2240
2108
2270
2274
2246
2153
2229
2220
2190
2179
2114
2251
2138
2205
2157
2149
2080
2260
2171
2246
2175
2124
2060
2233
2141
2227
2165
2132
2081
2273
2189
2241
2155
2120
2079
2251
2148
2219
2149
2146
2103
2304
2200
2251
2185
2158
2102
2261
2147
2224
2171
2187
2158
2340
2216
2247
2176
2137
2078
2248
2160
2273
2218
2200
2137
2297
2201
2244
2157
2109
2062
2260
2192
2289
2181
2153
2117
2295
2198
2221
2133
2129
2083
2292
2194
2246
2153
2149
2114
2289
2169
2202
2141
2132
2097
2284
2196
2285
2194
2166
2123
2294
2202
2252
2173
2161
2118
2302
2187
2244
2170
2152
2089
2255
2163
2216
2133
2104
2057
2261
2171
2223
2129
2094
2061
2244
2157
2199
2112
2108
2078
2286
2161
2174
2095
2089
2065
2230
2125
2185
2137
2139
2081
2255
2136
2182
2119
2107
2074
2262
2186
2259
2170
2142
2079
2253
2135
2194
2147
2133
2095
2278
2183
2233
2129
2085
2030
2228
2143
2191
2115
2093
2074
2272
2161
2178
2062
2059
2043
2259
2137
2147
2087
2102
2113
2293
2144
2157
2077
2093
2068
2238
2105
2162
2122
2115
2069
2222
2100
2161
2093
2092
2048
2210
2116
2174
2127
2103
2044
2209
2097
2161
2086
2071
2026
2212
2132
2193
2116
2079
2027
2218
2105
2159
2084
2071
2044
2234
2151
2195
2123
2099
2053
2214
2080
2130
2075
2098
2071
2239
2113
2153
PWM set: 140
1705
1755
1739
1713
1682
1718
1675
1732
1643
1778
1794
1770
1700
1751
1737
1708
1671
1662
1630
1775
1685
1714
1664
1666
1639
1786
1693
1736
1678
1670
1635
1769
1681
1727
1697
1701
1659
1794
1695
1741
1684
1667
1625
1756
1671
1717
1678
1676
1644
1786
1687
1721
1656
1646
1619
1766
1686
1736
1687
1680
1638
1780
1679
1712
1652
1641
1626
1779
1698
1742
1683
1671
1625
1755
1658
1701
1660
1662
1642
1775
1686
1728
1671
1666
1619
1751
1653
1688
1636
1631
1610
1754
1667
1710
1651
1637
1602
1738
1635
1670
1622
1627
1618
1760
1669
1718
1668
1670
1628
1747
1638
1672
1643
1658
1641
1767
1661
1693
1639
1637
1596
1723
1628
1677
1654
1662
1629
1754
1651
1696
1641
1629
1591
1726
1646
1695
1654
1642
1603
1732
1637
1677
1613
1606
1579
1724
1647
1684
1632
1626
1592
1727
1628
1664
1616
1623
1604
1740
1647
1681
1633
1623
1583
1708
1604
1649
1607
1616
1588
1706
1604
1646
1621
1627
1597
1724
1630
1684
1652
1654
1614
1730
1636
1679
1634
1622
1580
1716
1633
1688
1642
1638
1602
1726
1636
1674
1618
1607
1578
1733
1657
1705
1654
1640
1602
1722
1627
1669
1619
1619
1591
1733
1647
1693
1644
1637
1601
1730
1639
1672
1627
1635
1613
1763
1671
1711
1662
1646
1604
1733
1644
1694
1653
1652
1618
1756
1667
1713
1658
1645
1613
1745
1661
1708
1662
1665
1631
1769
1669
1702
1659
PWM set: 160
1405
1386
1363
1392
1361
1410
1340
1439
1450
1427
1373
1412
1405
1383
1363
1390
1361
1428
1372
1413
1411
1426
1464
1377
1386
1367
1450
1449
1430
1391
1431
1458
1371
1385
1377
1356
1453
1436
1392
1386
1450
1380
1414
1407
1431
1478
1397
1402
1401
1341
1426
1412
1375
1378
1454
1442
1418
1375
1419
1454
1375
1395
1406
1353
1462
1416
1385
1362
1424
1355
1396
1396
1422
1470
1401
1416
1416
1338
1427
1426
1391
1386
1455
1447
1424
1372
1415
1471
1400
1415
1419
1365
1479
1433
1400
1383
1365
1473
1457
1404
1400
1480
1465
1439
1399
1453
1485
1412
1446
1434
1451
1485
1407
1421
1432
1367
1481
1444
1424
1396
1367
1460
1456
1406
1399
1485
1484
1453
1405
1444
1491
1415
1429
1433
1378
1500
1456
1429
1404
1388
1485
1473
1410
1410
1484
1465
1433
1399
1458
1495
1418
1446
1425
1439
1475
1397
1424
1440
1393
1508
1458
1425
1391
1362
1459
1454
1416
1413
1487
1467
1429
1379
1428
1474
1400
1425
1440
1380
1493
1453
1430
1406
1381
1470
1458
1413
1406
1477
1462
1443
1398
1448
1481
1406
1423
1435
1378
1498
1450
1422
1391
1369
1464
1451
1404
1405
1487
1470
1437
1394
1446
1488
1407
1426
1442
1379
1492
1454
1446
1428
1397
1473
1454
1403
1400
1469
1461
1453
1424
1466
1485
1411
1446
1424
1436
1489
1422
1459
1460
1388
1496
1456
1421
1396
1372
1472
1455
1408
1402
1486
1475
PWM set: 180
1270
1253
1211
1247
1245
1226
1209
1237
1212
1252
1188
1275
1289
1264
1210
1238
1229
1210
1172
1257
1235
1224
1177
1245
1215
1211
1182
1263
1252
1242
1183
1246
1224
1231
1186
1266
1252
1233
1174
1247
1229
1227
1180
1259
1242
1223
1175
1250
1233
1222
1180
1260
1242
1226
1184
1268
1246
1242
1195
1267
1242
1232
1191
1269
1248
1246
1190
1260
1242
1232
1188
1262
1242
1227
1171
1240
1223
1220
1180
1252
1224
1209
1154
1230
1218
1215
1170
1242
1212
1194
1148
1231
1223
1217
1167
1230
1206
1192
1145
1228
1214
1200
1146
1218
1201
1192
1150
1233
1214
1200
1153
1223
1202
1194
1152
1227
1204
1190
1141
1207
1188
1186
1149
1230
1213
1200
1145
1209
1192
1185
1139
1218
1198
1177
1121
1196
1187
1176
1133
1214
1194
1175
1131
1211
1191
1174
1131
1201
1172
1156
1117
1198
1183
1181
1145
1220
1198
1193
1156
1231
1212
1201
1153
1225
1208
1204
1156
1230
1216
1204
1158
1235
1218
1206
1164
1247
1224
1205
1154
1228
1211
1209
1174
1253
1230
1208
1161
1239
1223
1225
1183
1256
1226
1212
1168
1247
1227
1224
1175
1246
1222
1214
1178
1258
1238
1226
1175
1249
1226
1222
1185
1262
1238
1226
1169
1243
1227
1226
1184
1257
1235
1219
1165
1254
1246
1235
1184
1250
1227
1207
1159
1249
1233
1216
1164
1233
1205
1193
1160
1251
1231
1221
1169
1230
1197
1191
1163
1242
1224
1211
1158
PWM set: 200
1039
988
1062
1074
1056
1014
1042
1038
1020
1007
1027
1009
1044
991
1064
1074
1053
1035
1030
998
1067
1053
1041
995
1055
1036
1030
994
1066
1053
1037
993
1057
1042
1033
998
1068
1048
1028
988
1054
1035
1030
999
1068
1046
1034
1003
1072
1054
1048
1011
1072
1049
1038
1001
1066
1051
1044
1004
1066
1050
1045
1007
1076
1067
1056
1010
1072
1052
1041
1002
1075
1063
1053
1011
1078
1061
1050
1016
1086
1069
1055
1014
1078
1059
1051
1015
1079
1058
1045
1006
1074
1064
1058
1016
1079
1055
1035
993
1063
1053
1043
1002
1062
1044
1040
1008
1081
1067
1054
1005
1066
1052
1049
1011
1079
1060
1044
999
1062
1052
1047
1009
1076
1058
1039
993
1059
1043
1033
996
1063
1039
1025
987
1059
1044
1036
1001
1062
1036
1028
991
1058
1043
1033
990
1047
1030
1024
988
1056
1044
1032
987
1047
1036
1038
1001
1074
1058
1037
991
1055
1039
1029
996
1066
1043
1024
991
1064
1051
1047
1009
1069
1042
1025
991
1059
1044
1037
996
1055
1031
1021
989
1056
1045
1038
1001
1062
1043
1036
998
1062
1045
1032
988
1047
1023
1015
984
1054
1043
1034
997
1061
1041
1031
994
1058
1041
1024
986
1055
1040
1034
998
1065
1047
1035
998
1065
1046
1036
996
1056
1034
1023
990
1054
1040
1033
996
1059
1045
1042
1006
1068
1051
1041
996
1055
1040
1030
986
1050
1038
1027
PWM set: 220
878
898
881
914
871
936
947
930
895
917
915
899
886
899
882
910
864
925
935
904
877
909
939
908
876
904
934
906
879
910
940
904
870
900
931
901
875
906
934
899
869
903
933
902
875
907
935
898
869
898
924
895
869
897
923
891
865
896
927
900
870
898
926
898
868
897
926
894
861
888
917
890
868
902
932
897
868
900
929
897
872
905
932
897
870
901
927
899
872
900
925
893
867
898
927
901
874
899
926
897
871
902
934
906
878
904
931
902
873
906
937
907
876
904
932
906
880
914
941
908
878
904
932
905
881
915
944
912
881
913
943
914
884
916
942
911
881
910
939
910
885
915
947
923
895
923
951
920
890
918
949
925
894
920
951
920
886
916
951
928
900
935
964
924
888
916
946
912
885
919
946
911
883
916
946
921
894
922
945
912
881
913
944
919
888
914
937
908
884
917
955
930
899
926
952
921
891
923
953
918
881
909
937
909
884
920
951
917
885
916
945
916
893
926
953
914
882
913
941
913
887
919
947
915
885
916
947
921
894
921
946
910
881
910
938
908
877
903
930
902
881
916
946
914
882
909
939
910
883
916
943
PWM set: 240
838
849
832
802
822
819
808
800
814
800
828
788
845
855
838
805
825
820
806
793
839
801
808
828
855
826
801
831
843
829
820
791
837
822
802
849
811
816
804
847
827
805
832
860
834
809
792
842
830
821
795
846
814
803
848
812
817
809
865
835
810
838
865
833
810
795
840
823
812
784
801
805
798
843
804
802
830
856
830
807
828
834
819
811
783
833
804
792
837
801
809
831
859
830
800
821
827
812
804
777
794
793
784
828
812
791
816
841
810
802
774
823
794
783
823
780
775
804
833
810
803
777
824
811
788
834
797
800
814
838
811
788
776
830
816
808
779
798
801
792
835
814
786
811
841
813
807
781
830
804
796
845
807
811
828
851
822
798
825
835
820
813
783
834
811
803
852
813
815
802
854
829
802
830
861
834
819
792
845
830
826
800
819
820
809
856
817
823
813
864
829
806
834
861
837
825
796
843
828
823
798
820
823
809
846
804
807
825
856
830
804
828
838
823
816
792
843
828
801
844
803
805
795
849
820
795
822
851
820
813
787
834
818
795
838
798
803
792
842
811
787
815
828
814
807
775
790
795
788
832
815
PWM set: 260
729
747
744
732
724
737
723
749
713
765
776
761
732
751
748
734
724
738
749
773
747
740
769
734
724
749
758
745
727
769
751
725
714
761
736
731
778
746
733
712
729
734
752
775
744
738
766
734
728
750
756
742
721
761
746
724
711
761
736
728
777
749
734
709
726
728
744
767
736
729
758
724
721
744
750
734
714
754
738
717
704
748
722
741
769
744
737
760
725
718
743
753
739
714
749
734
711
700
745
718
735
761
737
731
755
720
711
734
743
730
711
761
734
726
705
724
727
743
764
732
721
745
730
708
694
738
714
706
757
730
721
745
715
707
730
737
708
698
747
724
718
749
715
708
734
745
731
711
757
728
717
696
713
717
735
744
729
708
745
730
707
693
710
713
729
754
730
724
752
737
716
707
753
724
714
761
733
726
705
722
723
741
752
738
719
759
740
717
703
749
723
715
763
736
729
707
724
726
741
749
738
719
759
742
717
703
750
727
720
768
740
726
700
720
725
744
752
737
714
752
737
715
704
746
717
710
760
734
730
754
716
709
734
744
733
713
760
734
725
700
717
719
733
757
735
714
754
736
710
697
745
PWM set: 280
672
647
662
660
648
641
651
640
662
629
675
684
671
646
662
660
648
641
632
650
644
635
651
655
671
678
653
670
678
655
672
678
656
649
695
671
653
696
670
651
698
676
663
685
672
661
688
676
653
642
657
651
642
658
649
637
650
655
671
679
654
671
683
663
678
683
668
646
691
667
649
693
669
651
697
672
659
680
665
654
678
663
650
676
665
656
636
652
644
633
647
639
628
641
634
627
642
639
628
642
637
630
646
648
660
667
645
660
671
648
660
668
647
664
673
647
659
667
641
657
666
641
657
668
645
660
667
655
638
682
657
638
680
652
634
677
655
636
682
657
637
681
656
636
682
657
641
686
658
640
685
660
651
675
660
648
672
660
653
677
663
655
680
668
658
681
649
644
636
653
647
636
652
650
642
686
661
674
681
659
675
686
662
654
700
676
657
703
673
664
690
674
665
688
672
662
687
658
655
643
656
651
640
658
664
678
689
667
681
692
681
658
701
676
655
703
675
665
691
678
669
694
677
655
643
658
654
645
658
654
677
687
666
681
688
662
653
699
674
654
694
665
646
693
668
662
686
673
666
692
675
PWM set: 300
625
623
611
603
616
604
626
595
639
647
634
609
625
623
612
605
616
627
634
613
630
637
608
597
612
607
599
614
609
645
631
622
645
631
623
645
631
613
653
630
612
655
631
612
654
622
638
646
621
634
643
620
636
645
618
602
616
610
601
615
608
599
613
621
643
628
619
643
632
625
654
626
607
651
628
608
649
612
627
634
609
622
631
602
594
607
601
593
622
614
638
621
612
635
618
601
641
616
599
628
606
619
624
601
586
601
596
586
617
608
631
616
593
633
610
593
623
599
614
625
605
591
604
599
590
621
613
634
619
611
634
619
599
638
615
618
628
607
622
630
610
594
611
607
598
614
609
645
631
620
644
631
624
646
630
610
654
632
614
654
628
611
655
619
631
637
615
630
639
617
630
614
609
600
612
604
594
623
615
639
626
617
642
625
609
648
621
601
643
609
623
630
609
625
634
603
592
604
597
588
617
607
628
617
600
641
616
598
637
599
612
619
594
581
597
594
585
614
606
631
618
599
637
612
594
637
603
618
626
606
590
605
599
587
598
602
625
612
601
632
611
596
638
601
615
622
600
584
596
592
583
PWM set: 320
587
595
581
558
572
570
559
553
563
554
573
545
585
593
581
559
573
557
587
573
556
595
562
575
558
563
586
571
554
579
559
547
559
563
590
568
571
576
550
542
570
563
590
556
569
555
550
578
560
545
571
551
537
564
557
585
562
563
547
542
573
559
543
570
550
537
561
551
578
547
560
545
551
573
560
563
569
541
531
555
538
565
547
534
549
554
581
559
563
549
544
575
564
548
575
552
539
552
557
587
563
568
576
553
583
571
554
594
562
575
559
555
588
576
557
597
563
580
564
558
588
573
558
584
561
545
561
568
590
573
555
582
562
547
558
563
584
571
575
582
558
550
577
566
593
571
576
584
554
545
574
565
593
558
570
555
550
580
567
551
580
562
547
558
562
580
566
550
574
549
541
567
557
584
552
566
552
546
576
563
548
574
552
539
567
558
586
562
565
551
544
574
560
544
572
552
537
563
554
583
560
559
545
539
571
558
542
568
542
535
561
543
582
552
567
551
554
576
560
564
570
545
539
566
550
589
556
570
557
553
583
569
553
580
558
544
559
565
586
568
552
579
554
545
570
562
590
568
571
555
549
PWM set: 340
518
509
526
501
537
544
533
514
526
524
514
509
519
510
527
502
538
525
526
511
514
539
508
497
523
508
535
509
535
522
506
528
505
535
524
527
513
517
545
513
500
524
508
534
509
536
523
524
510
513
540
511
501
514
518
546
516
503
525
507
531
508
538
523
527
514
519
545
514
502
528
521
546
517
505
531
514
536
511
540
527
528
536
511
540
526
530
516
521
549
518
506
533
524
550
519
506
533
513
535
511
541
527
511
535
513
542
529
528
516
521
546
514
501
526
508
531
511
500
525
508
533
508
538
524
526
511
516
544
513
499
524
507
532
505
534
520
523
512
516
544
523
527
511
514
541
511
497
522
507
531
508
535
522
525
511
516
541
511
500
524
506
531
509
538
524
509
535
512
544
529
533
520
525
551
520
534
521
525
552
523
510
537
528
555
525
512
538
519
544
525
510
534
516
541
516
543
530
513
541
518
548
535
538
524
519
546
531
534
521
525
552
532
534
520
523
547
515
503
526
510
537
519
504
527
507
530
506
534
521
523
511
517
543
512
501
525
507
530
506
536
522
525
512
508
543
520
522
510
515
541
PWM set: 360
508
490
501
499
489
485
493
485
501
477
511
517
505
487
499
496
482
508
497
499
498
479
505
481
513
483
473
496
479
485
488
513
482
503
490
494
492
475
500
478
512
481
470
492
494
483
487
501
479
504
490
467
489
470
476
480
506
478
501
488
491
489
472
496
483
507
479
501
488
490
477
471
495
471
502
475
464
485
487
474
468
491
470
502
477
499
486
488
477
471
494
472
505
478
467
486
489
478
471
495
474
507
481
470
494
493
482
484
499
477
504
490
470
493
477
480
484
510
481
504
492
495
486
479
501
479
507
482
470
492
476
483
488
513
483
506
492
495
484
479
501
480
506
483
470
491
475
481
485
510
478
505
490
492
489
473
496
481
504
477
500
486
489
489
473
496
474
508
480
468
486
491
478
472
494
471
501
475
462
483
488
478
470
495
472
504
474
463
485
487
475
469
494
473
505
476
466
486
489
477
471
496
472
504
476
466
487
490
479
483
498
475
500
481
470
492
475
482
486
510
477
505
493
496
496
479
502
480
513
485
473
495
495
483
485
509
474
501
490
494
493
477
500
487
510
481
470
492
495
482
487
PWM set: 380
458
436
467
474
464
447
457
455
448
443
450
442
458
435
468
472
457
457
457
443
448
442
463
448
463
441
474
444
469
448
467
456
435
455
459
458
460
449
444
449
451
464
450
475
442
474
449
468
447
434
453
433
453
454
453
456
444
440
446
450
464
450
474
442
470
440
464
444
463
451
431
451
431
452
454
451
453
442
437
440
435
456
442
456
443
467
435
466
435
466
440
460
442
461
449
429
449
429
448
450
449
450
439
436
440
434
437
440
455
442
458
437
468
438
469
443
463
443
463
451
430
449
454
452
454
451
439
445
440
445
449
463
449
473
443
473
449
470
450
438
458
438
460
463
451
446
451
455
468
453
477
446
476
451
474
461
441
460
463
460
445
450
446
469
454
469
447
477
451
470
451
439
459
440
460
461
457
442
447
441
462
450
464
442
474
443
467
447
468
456
437
457
459
457
458
445
439
445
449
461
448
462
440
470
439
470
444
465
446
435
454
435
457
460
458
444
449
444
465
451
467
445
475
446
473
454
442
462
441
464
465
454
450
456
458
472
450
482
455
475
456
444
464
467
466
451
455
450
473
457
480
PWM set: 400
434
444
443
435
429
437
429
444
422
453
459
449
433
443
442
434
445
443
430
435
431
435
429
433
436
450
438
452
438
451
429
460
429
459
429
460
430
453
434
453
434
454
435
455
443
424
443
423
443
424
445
446
444
446
445
430
435
431
436
432
436
439
451
436
450
436
450
429
459
430
461
431
460
437
457
436
457
437
455
443
422
442
421
441
421
442
445
443
445
443
444
441
428
431
426
431
426
430
425
430
426
431
433
447
433
447
434
447
433
445
425
456
425
455
425
454
424
454
423
452
422
453
424
447
429
450
432
451
431
450
430
449
429
449
436
417
438
418
438
419
440
420
440
421
443
445
442
445
444
446
435
432
436
430
434
430
451
436
450
437
450
436
448
428
459
429
461
431
461
434
453
433
452
434
453
434
453
440
420
439
419
440
421
441
422
442
442
438
439
436
437
436
439
438
439
438
424
428
424
429
426
431
424
427
423
427
422
426
422
427
431
444
430
442
429
443
429
444
431
444
430
444
432
445
425
455
426
455
423
453
424
454
425
457
428
452
433
452
434
453
435
455
443
422
442
423
442
422
442
446
443
Done!