418
422
430
432
422
438
444
438
411
429
415
423
417
419
427
429
436
418
435
424
407
424
406
422
405
421
404
420
420
420
419
421
419
420
405
410
404
410
404
425
411
424
410
424
404
429
403
429
407
423
407
422
413
397
414
396
415
413
415
413
406
401
406
400
421
407
421
407
427
402
427
402
421
405
421
405
396
412
396
414
412
414
412
405
400
405
400
420
407
420
407
427
402
427
405
421
404
420
411
396
413
395
415
413
414
412
405
400
405
400
421
406
419
400
426
400
425
404
420
404
421
412
395
412
412
414
412
414
400
404
400
405
406
420
406
426
401
426
401
421
404
421
404
396
412
395
413
411
413
411
404
399
404
406
419
406
419
400
425
400
424
403
419
402
394
411
394
412
410
413
411
404
399
405
406
419
405
419
401
426
401
425
403
420
403
394
411
394
412
410
412
410
403
398
404
405
419
405
418
400
425
400
420
404
420
403
394
411
394
413
411
412
409
403
398
404
405
419
405
419
400
425
400
419
403
419
410
394
410
393
412
411
412
399
404
399
404
405
419
406
425
400
425
400
419
403
420
410
394
410
394
PWM set: -380
413
407
410
418
420
411
427
433
427
401
418
406
413
407
411
418
428
411
427
411
427
418
401
418
402
419
402
421
419
421
419
421
420
413
407
412
406
412
407
428
414
428
414
428
414
434
408
433
408
434
408
434
411
429
411
428
412
429
419
403
419
403
420
403
422
420
421
419
421
419
412
407
412
406
412
406
411
413
428
413
428
414
428
408
433
408
433
407
434
411
427
410
426
411
402
419
402
419
402
418
418
420
419
421
419
420
406
412
406
411
406
412
414
427
414
427
413
427
408
433
408
433
408
433
411
428
411
427
411
427
418
402
419
401
419
402
421
418
421
419
420
406
411
406
411
406
411
413
427
413
427
413
427
408
434
408
433
408
433
411
428
411
427
411
428
418
402
419
401
418
419
420
419
420
418
420
406
411
406
411
406
411
414
427
413
427
414
427
408
433
407
434
408
433
411
428
412
427
412
427
418
401
418
402
418
402
420
418
420
418
420
406
411
406
411
406
411
413
426
413
427
413
434
408
434
407
433
408
428
411
428
411
427
411
402
418
402
418
402
419
418
419
419
420
418
420
406
412
406
411
406
PWM set: -360
430
433
442
443
434
450
458
451
424
442
428
436
430
434
442
444
452
434
458
431
459
431
458
431
451
437
452
437
452
438
436
431
436
430
435
430
445
443
445
442
444
442
442
425
444
426
444
426
435
452
435
453
436
453
432
460
432
459
432
459
438
452
438
453
438
436
431
436
430
436
431
445
443
445
443
445
444
444
426
444
426
444
426
436
453
436
453
436
453
433
460
432
459
432
453
438
453
438
453
438
436
431
436
430
436
430
446
444
445
444
445
425
444
426
443
425
443
453
435
452
435
453
435
459
431
459
432
460
432
452
438
452
438
452
437
436
431
437
431
437
431
445
444
445
443
445
444
443
425
443
425
443
425
436
453
435
453
436
459
432
460
433
460
432
453
438
451
437
452
437
436
430
436
430
436
430
445
443
445
444
446
444
443
426
444
426
444
453
435
453
435
453
435
460
432
460
432
460
432
452
437
451
437
451
437
436
430
436
430
435
431
445
444
445
444
445
443
444
425
444
426
443
426
435
453
435
453
436
453
431
460
432
460
431
452
437
452
438
452
438
436
429
435
429
435
430
445
443
445
443
445
PWM set: -340
479
487
481
451
471
457
464
458
462
472
473
463
481
488
482
452
465
464
458
473
472
473
453
463
483
460
482
466
465
459
475
473
474
453
464
483
459
488
466
481
459
464
472
474
453
472
482
464
489
466
482
460
465
473
474
453
474
483
464
490
459
481
466
464
459
474
473
474
484
464
490
459
481
466
465
459
475
472
473
452
463
483
460
489
466
481
458
474
472
473
452
464
482
459
489
467
482
459
464
472
473
452
473
483
463
489
459
481
466
465
473
475
453
474
484
464
490
459
482
467
465
459
474
473
474
453
464
491
460
483
467
465
460
475
473
474
453
465
484
460
490
467
482
459
474
474
473
454
464
484
460
490
467
483
460
465
474
475
454
474
483
460
489
467
482
460
466
474
475
453
473
484
464
490
460
482
459
465
473
474
453
474
483
464
491
460
482
466
465
460
475
453
474
484
464
490
460
483
468
465
460
476
473
474
453
464
489
460
482
466
465
460
475
473
474
453
465
484
460
490
467
482
458
475
473
474
453
464
483
460
490
467
481
459
465
474
475
454
475
484
460
490
467
483
460
465
474
476
453
474
483
PWM set: -320
505
489
499
491
494
506
508
496
514
523
517
484
505
489
500
492
506
518
492
514
491
509
485
496
524
493
515
491
508
486
496
526
501
498
492
511
486
496
526
502
499
507
508
486
497
526
502
499
507
509
519
494
518
503
500
508
509
520
494
517
494
512
488
498
520
494
517
492
511
487
497
527
502
500
493
510
487
498
527
503
501
509
509
521
494
526
502
499
509
509
520
494
518
492
511
486
509
520
495
518
494
511
488
498
527
503
517
493
512
489
498
528
503
500
508
509
521
498
527
503
501
509
510
520
495
518
494
513
488
510
521
496
519
494
512
488
499
528
504
501
509
513
488
498
528
503
501
509
511
521
496
518
494
501
509
510
522
496
519
494
513
488
499
528
504
519
494
512
488
498
526
502
500
508
510
520
499
527
503
500
509
510
521
496
519
494
513
489
510
521
495
519
494
513
489
499
529
504
502
509
513
488
499
528
504
501
509
510
521
495
517
494
500
510
510
521
496
518
493
512
488
498
528
503
519
494
513
488
498
527
504
500
509
510
521
496
528
504
501
510
510
521
496
519
494
512
489
499
528
495
519
PWM set: -300
567
559
524
547
530
540
533
537
548
551
539
558
567
560
525
548
530
548
560
534
539
549
549
568
543
540
550
538
567
542
540
527
539
569
533
553
528
536
561
534
554
563
536
561
551
550
562
535
541
550
550
568
544
541
551
539
569
543
553
527
540
562
534
555
529
537
562
534
550
564
536
561
552
552
564
544
542
551
541
569
545
542
529
542
570
534
554
529
537
562
534
555
565
537
562
552
552
564
544
542
552
552
570
545
543
529
542
571
535
555
529
538
562
535
555
565
538
563
553
552
565
545
542
553
542
571
545
544
530
541
571
534
555
530
539
563
536
553
566
539
543
553
553
566
546
543
553
542
572
545
555
530
542
564
535
556
566
539
563
535
553
565
538
543
553
553
572
547
544
531
543
572
536
555
530
543
564
536
556
566
539
564
552
552
565
546
545
553
542
572
546
544
530
541
572
535
555
530
539
564
536
553
566
539
544
554
553
573
547
545
531
542
573
546
557
531
543
565
537
557
566
540
564
554
554
566
548
545
555
543
574
547
557
531
542
564
537
558
567
540
565
555
554
566
539
544
553
554
572
547
544
PWM set: -280
588
609
617
611
573
599
579
591
582
585
598
601
589
609
618
612
574
581
602
613
592
591
576
584
611
601
587
620
582
600
614
593
604
576
585
591
602
588
612
582
601
622
583
604
615
595
592
577
586
611
602
589
622
584
601
616
594
604
615
585
592
576
589
614
603
602
623
584
605
616
594
604
577
586
592
603
590
615
584
601
622
594
604
616
595
593
579
588
615
604
591
624
586
603
624
595
606
618
588
595
579
592
616
605
591
623
585
603
618
597
607
617
588
594
579
591
614
605
603
625
586
603
619
596
607
578
587
594
579
592
616
605
605
625
586
607
618
596
607
579
588
594
606
593
616
606
604
625
587
607
618
596
606
580
589
595
606
592
616
587
604
625
585
607
619
598
597
580
590
597
607
594
616
606
605
626
588
608
619
599
609
581
590
596
607
594
619
607
606
628
588
606
620
598
608
580
590
596
581
594
617
607
606
626
588
606
620
599
608
620
591
597
582
594
619
608
594
628
588
606
621
599
610
621
591
597
582
591
617
607
594
628
589
607
628
600
610
621
600
597
583
592
597
609
595
619
589
608
628
588
609
PWM set: -260
663
650
673
684
676
634
662
641
652
644
648
661
664
650
674
684
677
634
645
651
634
645
651
677
654
664
676
653
665
678
655
666
677
654
666
678
642
662
684
643
663
685
643
663
686
644
664
686
665
650
675
664
650
676
664
650
676
664
651
676
635
646
652
635
647
652
635
647
653
636
647
652
678
655
666
678
655
666
679
655
666
680
655
664
687
644
664
686
643
665
688
645
666
687
665
651
677
665
652
675
665
651
677
667
653
654
637
649
654
636
646
652
636
647
654
680
656
667
680
656
667
679
655
666
679
656
667
687
645
666
687
645
665
686
644
665
687
666
651
675
665
652
677
666
651
676
665
650
652
636
647
654
638
649
655
637
648
654
637
656
667
679
656
668
680
657
668
680
657
667
687
645
663
686
644
665
687
645
665
688
666
652
677
665
651
677
665
651
677
665
652
655
637
648
654
636
647
653
636
647
653
637
657
667
681
658
667
680
657
667
679
656
666
687
645
665
688
645
666
689
645
666
687
665
651
677
666
652
677
665
651
677
665
651
653
636
647
653
637
649
654
638
649
654
680
657
666
679
655
667
680
PWM set: -240
745
699
730
707
719
710
714
729
732
716
742
754
745
698
729
706
718
709
727
753
706
714
743
698
710
732
746
720
730
754
729
714
718
699
711
732
746
708
731
744
732
716
718
700
722
734
756
708
715
743
732
712
719
748
722
731
756
732
716
744
699
711
732
747
709
731
755
731
716
719
700
721
733
746
708
730
744
732
713
719
701
722
733
755
708
715
743
699
711
718
747
720
730
755
731
716
743
700
711
733
747
708
730
755
730
715
719
701
722
734
747
708
731
744
732
712
718
699
722
734
756
710
716
744
700
712
718
746
720
729
754
730
716
745
701
712
734
748
708
731
744
730
715
718
700
721
734
755
709
731
744
732
712
717
745
720
732
755
708
715
743
700
712
718
747
721
730
755
731
715
743
700
712
733
748
709
732
756
731
716
719
700
721
732
746
708
731
744
733
713
718
700
722
734
756
708
715
742
700
712
719
748
722
732
757
733
717
719
699
712
733
747
709
732
745
732
713
720
701
723
734
755
709
716
744
700
713
719
748
723
732
756
733
716
718
700
712
733
747
708
731
744
732
717
720
700
721
733
755
708
715
PWM set: -220
790
806
809
793
821
834
825
774
808
782
797
788
793
809
812
796
824
835
825
782
792
795
774
797
808
821
807
786
810
835
783
792
794
826
797
809
823
776
788
811
835
809
793
796
828
783
808
824
776
798
812
836
808
787
794
826
782
792
823
774
797
809
836
810
789
812
826
783
793
795
775
798
808
823
810
789
813
838
785
793
796
828
799
809
825
776
788
811
837
811
795
798
829
785
810
824
776
798
812
836
808
788
796
827
785
795
825
777
799
811
838
811
790
812
827
784
793
796
777
800
810
825
812
790
812
837
784
792
796
828
798
810
825
776
789
813
838
811
795
797
828
785
810
824
775
798
812
835
809
788
797
829
786
794
823
775
799
810
836
810
787
811
827
784
794
798
777
799
810
825
811
789
813
837
783
792
796
828
799
811
826
776
790
813
837
810
793
795
826
783
808
823
775
799
812
836
810
789
795
828
784
793
823
775
798
809
837
810
789
813
829
785
795
798
777
799
810
825
810
789
813
836
784
794
798
829
800
810
824
776
790
813
837
810
793
795
827
785
811
826
778
800
814
837
812
790
797
829
784
793
823
PWM set: -200
893
924
939
928
870
909
880
896
884
889
908
911
894
925
938
929
870
908
879
888
892
926
877
887
891
926
878
889
893
927
879
888
893
926
878
888
891
924
877
887
890
926
878
888
890
926
879
889
893
929
880
888
893
928
880
889
893
929
879
888
893
929
881
890
895
930
879
888
893
928
879
888
892
925
877
887
892
927
880
890
892
928
880
890
893
928
880
889
891
927
879
890
895
931
882
891
894
929
881
891
895
931
881
889
893
928
879
889
894
930
880
890
894
929
880
889
893
927
879
889
893
927
880
891
895
929
881
891
894
931
882
892
894
929
881
891
894
929
881
889
893
929
881
890
895
931
880
890
894
929
880
889
894
928
879
889
895
930
882
892
897
929
880
890
895
928
880
891
893
927
878
889
893
929
882
891
892
928
880
889
893
929
880
888
892
928
879
888
893
930
881
890
894
929
881
891
895
930
880
891
894
929
881
891
895
929
882
892
896
931
882
893
894
929
881
891
894
929
882
891
894
931
883
892
897
933
883
892
896
931
884
892
895
931
881
890
895
931
883
893
898
933
883
893
896
931
882
892
895
929
880
PWM set: -180
1034
1002
1020
1008
1014
1035
1040
1019
1054
1070
1056
990
1035
1002
1020
1007
1034
1052
991
1021
1033
1050
988
1018
1031
1051
991
1021
1035
1054
992
1022
1034
1052
992
1020
1031
1050
989
1018
1031
1052
991
1020
1033
1054
992
1022
1035
1055
992
1021
1034
1054
991
1021
1035
1054
992
1022
1036
1055
994
1024
1038
1055
991
1020
1034
1052
992
1020
1032
1051
991
1022
1036
1056
995
1024
1035
1054
993
1023
1035
1054
992
1020
1032
1053
993
1023
1037
1058
994
1023
1036
1057
993
1024
1037
1055
991
1020
1034
1053
991
1024
1037
1055
993
1023
1037
1056
994
1025
1036
1053
990
1022
1035
1055
995
1025
1037
1057
996
1025
1039
1058
996
1023
1036
1055
993
1023
1037
1057
994
1022
1037
1057
994
1026
1040
1058
993
1023
1037
1056
993
1023
1036
1054
992
1023
1038
1057
996
1028
1039
1058
996
1026
1038
1057
996
1025
1036
1055
994
1023
1038
1058
997
1025
1038
1057
995
1023
1037
1057
994
1022
1036
1056
994
1025
1040
1060
996
1027
1041
1058
995
1025
1038
1057
995
1024
1038
1057
996
1027
1038
1059
998
1028
1041
1059
999
1027
1037
1057
995
1024
1036
1057
995
1022
1036
1056
995
1026
1040
1060
996
1024
1039
1059
995
1025
1038
1057
994
1024
1039
1058
997
1028
1042
1060
996
1026
1040
1059
997
1027
1038
1056
994
PWM set: -160
1226
1152
1202
1165
1187
1172
1177
1201
1205
1181
1221
1240
1225
1151
1199
1163
1184
1197
1220
1151
1182
1195
1218
1150
1182
1198
1222
1153
1183
1199
1223
1153
1185
1199
1222
1149
1181
1196
1220
1150
1183
1201
1223
1150
1185
1201
1224
1154
1188
1202
1223
1153
1186
1202
1223
1153
1187
1201
1224
1154
1189
1204
1227
1156
1189
1199
1221
1153
1185
1199
1222
1150
1181
1198
1221
1153
1186
1203
1228
1156
1186
1201
1223
1152
1186
1201
1223
1151
1183
1200
1224
1154
1189
1205
1225
1154
1187
1201
1222
1154
1187
1200
1219
1150
1183
1197
1221
1153
1187
1200
1223
1154
1187
1201
1225
1152
1184
1200
1224
1155
1185
1202
1226
1155
1188
1204
1228
1156
1190
1207
1228
1154
1187
1203
1225
1154
1187
1202
1223
1154
1189
1205
1228
1158
1191
1204
1224
1154
1188
1202
1224
1154
1185
1200
1224
1155
1189
1205
1230
1160
1189
1204
1226
1155
1187
1203
1227
1154
1185
1201
1225
1155
1191
1208
1231
1157
1189
1205
1227
1154
1187
1203
1224
1153
1186
1202
1225
1157
1193
1206
1229
1159
1191
1205
1228
1159
1191
1203
1225
1156
1189
1203
1229
1158
1190
1205
1228
1158
1190
1206
1229
1156
1187
1203
1225
1153
1187
1203
1226
1153
1186
1205
1227
1158
1192
1208
1227
1156
1189
1206
1227
1155
1190
1204
1226
1156
1190
1207
1231
1162
1195
1208
1229
1158
1190
1205
1228
1157
1187
1202
1225
PWM set: -140
1399
1447
1470
1451
1364
1422
1377
1400
1381
1387
1416
1423
1396
1443
1465
1446
1359
1396
1414
1398
1446
1370
1377
1420
1441
1359
1373
1389
1429
1469
1363
1400
1389
1400
1468
1418
1399
1416
1394
1442
1370
1378
1422
1442
1361
1378
1392
1425
1468
1363
1403
1390
1400
1470
1423
1401
1416
1396
1448
1377
1383
1426
1448
1365
1377
1388
1425
1470
1365
1402
1393
1404
1473
1420
1397
1415
1398
1449
1374
1382
1425
1445
1358
1397
1387
1400
1468
1424
1407
1425
1403
1450
1377
1384
1426
1446
1363
1379
1389
1424
1463
1360
1401
1390
1402
1474
1429
1409
1422
1402
1451
1378
1384
1426
1448
1363
1377
1386
1422
1464
1360
1399
1391
1403
1472
1423
1403
1421
1404
1454
1379
1387
1430
1449
1362
1376
1389
1426
1468
1363
1404
1394
1404
1471
1423
1405
1425
1406
1454
1383
1389
1427
1444
1361
1376
1388
1425
1467
1364
1402
1388
1398
1468
1422
1403
1422
1404
1456
1379
1384
1425
1446
1365
1378
1389
1426
1468
1361
1399
1389
1401
1471
1425
1407
1428
1407
1456
1381
1389
1431
1450
1364
1379
1393
1428
1466
1360
1398
1389
1401
1473
1428
1410
1426
1404
1455
1383
1389
1426
1445
1365
1377
1386
1421
1465
1363
1402
1392
1405
1476
1428
1408
1425
1405
1458
1383
1389
1431
1450
1364
1375
1388
1424
1468
1362
1403
1394
1404
1472
1423
1404
1424
1404
1454
1382
1390
1427
1444
1361
1376
1389
PWM set: -120
1699
1677
1686
1721
1731
1697
1752
1775
1755
1650
1720
1670
1700
1679
1685
1722
1733
1758
1764
1731
1709
1690
1729
1749
1751
1713
1693
1677
1723
1747
1752
1719
1696
1676
1722
1747
1754
1722
1700
1687
1736
1762
1767
1730
1703
1683
1729
1752
1757
1719
1694
1680
1727
1752
1755
1719
1693
1678
1725
1753
1759
1726
1708
1697
1744
1768
1767
1728
1706
1688
1735
1756
1758
1721
1701
1684
1728
1749
1751
1715
1694
1681
1729
1756
1765
1732
1712
1695
1737
1759
1764
1727
1708
1690
1734
1756
1762
1726
1700
1680
1722
1749
1754
1723
1701
1684
1733
1760
1768
1732
1706
1690
1735
1762
1769
1731
1710
1693
1740
1763
1767
1725
1699
1683
1728
1755
1759
1723
1702
1688
1736
1763
1762
1725
1704
1689
1736
1760
1765
1730
1711
1694
1739
1759
1758
1719
1698
1685
1730
1753
1757
1722
1703
1686
1729
1755
1762
1728
1709
1694
1741
1768
1775
1740
1717
1696
1739
1761
1764
1728
1704
1687
1732
1758
1763
1726
1701
1683
1731
1758
1765
1730
1710
1697
1745
1771
1774
1733
1709
1693
1738
1764
1766
1726
1704
1690
1736
1757
1757
1720
1700
1687
1736
1760
1766
1733
1715
1702
1748
1769
1772
1736
1714
1700
1746
1770
1773
1737
1715
1694
1735
1757
1764
1727
1708
1694
1739
1766
1773
1739
1717
1698
1744
1766
1771
1736
1715
1699
1744
1769
1772
1734
1706
1684
1729
1754
1760
1725
1705
1690
1739
PWM set: -100
2118
2162
2180
2143
2215
2243
2221
2087
2178
2111
2154
2122
2131
2179
2201
2159
2229
2227
2171
2145
2120
2180
2213
2216
2168
2143
2121
2188
2216
2216
2169
2145
2124
2191
2223
2231
2190
2170
2145
2208
2227
2226
2180
2155
2131
2193
2215
2221
2178
2158
2131
2193
2221
2230
2187
2168
2144
2212
2245
2255
2212
2185
2153
2214
2241
2244
2196
2169
2138
2198
2231
2236
2186
2156
2129
2194
2226
2233
2187
2160
2140
2210
2245
2249
2197
2165
2136
2200
2233
2238
2192
2163
2136
2194
2216
2217
2170
2149
2127
2193
2223
2225
2185
2167
2144
2207
2232
2235
2191
2169
2148
2214
2240
2247
2202
2179
2147
2200
2226
2230
2182
2160
2134
2196
2231
2240
2199
2174
2140
2204
2239
2245
2202
2174
2146
2211
2246
2249
2202
2167
2135
2196
2225
2231
2182
2156
2131
2197
2231
2232
2184
2162
2138
2206
2241
2248
2201
2178
2157
2223
2252
2244
2194
2168
2143
2207
2234
2233
2186
2167
2143
2206
2235
2237
2188
2166
2144
2212
2244
2254
2210
2187
2159
2216
2241
2244
2195
2167
2141
2200
2230
2237
2189
2160
2129
2189
2222
2230
2187
2165
2141
2209
2244
2250
2200
2166
2140
2204
2238
2246
2197
2167
2139
2204
2234
2234
2182
2156
2132
2195
2233
2237
2191
2171
2149
2217
2245
2244
2198
2172
2149
2217
2246
2247
2199
2177
2149
2208
2231
2229
2184
2160
2137
2201
2230
2238
2198
2177
2150
2209
2235
PWM set: -80
2958
2900
2995
3017
3001
2810
2941
2847
2914
2854
2862
2906
2942
2873
2963
2984
2962
2896
2877
2833
2929
2963
2977
2918
2889
2836
2928
2962
2974
2923
2902
2859
2963
3006
3008
2935
2894
2836
2922
2959
2962
2897
2872
2829
2931
2966
2969
2901
2870
2823
2928
2975
2986
2928
2910
2871
2972
3001
2987
2920
2892
2850
2952
2982
2982
2913
2893
2844
2938
2969
2970
2909
2885
2845
2947
2986
3001
2949
2930
2879
2966
2990
2991
2928
2909
2863
2959
2992
2999
2932
2900
2841
2925
2957
2966
2913
2890
2851
2955
2997
3005
2934
2897
2845
2936
2980
2991
2929
2905
2859
2962
2995
2992
2911
2875
2826
2922
2964
2971
2910
2891
2853
2954
2986
2983
2916
2887
2849
2949
2989
2995
2934
2915
2868
2959
2975
2969
2900
2876
2840
2941
2976
2983
2923
2902
2853
2943
2975
2974
2915
2895
2854
2953
2991
3003
2939
2910
2850
2942
2962
2963
2901
2879
2835
2929
2966
2971
2906
2882
2842
2935
2972
2984
2927
2903
2861
2959
2997
2999
2929
2901
2844
2937
2977
2986
2923
2896
2854
2947
2979
2977
2910
2881
2833
2936
2982
2998
2941
2922
2882
2980
3008
2996
2918
2893
2855
2951
2992
2995
2937
2908
2856
2940
2962
2960
2897
2881
2845
2945
2983
2992
2928
2898
2849
2946
2972
2982
2920
2898
2853
2947
2983
2983
2916
2881
2832
2916
2944
2957
2896
2875
2838
2940
2980
2984
2919
2895
2847
2947
2985
2998
PWM set: -60
4395
4377
4395
4065
4265
4097
4226
4072
4097
4142
4268
4164
4311
4309
4337
4036
4254
4108
4260
4120
4225
4356
4225
4370
4358
4036
4084
4220
4077
4184
4314
4209
4366
4396
4088
4167
4326
4179
4223
4279
4414
4280
4414
4395
4064
4106
4237
4094
4191
4323
4207
4354
4362
4046
4107
4254
4106
4198
4318
4180
4314
4305
4200
4213
4088
4211
4352
4240
4397
4405
4079
4121
4259
4105
4173
4291
4158
4293
4288
4181
4174
4075
4133
4256
4136
4287
4289
4184
4189
4050
4139
4259
4146
4298
4321
4237
4104
4255
4121
4228
4366
4237
4388
4379
4056
4108
4243
4090
4164
4289
4178
4322
4330
4234
4083
4230
4090
4188
4316
4184
4333
4332
4233
4084
4218
4068
4160
4298
4192
4353
4390
4080
4153
4307
4158
4202
4259
4393
4266
4409
4388
4054
4085
4220
4085
4191
4333
4224
4379
4404
4094
4159
4305
4149
4233
4357
4219
4361
4354
4024
4072
4220
4085
4201
4344
4236
4399
4420
4103
4163
4313
4160
4190
4246
4378
4246
4383
4367
4047
4114
4266
4131
4238
4379
4259
4412
4423
4101
4160
4304
4154
4184
4236
4362
4222
4354
4356
4046
4118
4270
4124
4226
4369
4249
4409
4425
4102
4173
4312
4154
4216
4331
4208
4353
4378
4072
4144
4302
4159
4204
4263
4405
4277
4432
4426
4099
4142
4280
4127
4215
4340
4218
4363
4387
4075
4142
4294
4147
4228
4353
4229
4377
4372
4044
4095
4243
4111
4218
4355
4242
4392
PWM set: -40
7664
7174
7466
7177
7467
6693
7189
6837
7324
6727
6909
6934
7553
7122
7437
7164
7498
6739
7293
6938
7472
6828
7048
7065
7687
7242
7539
7235
7545
6726
7236
6885
7360
6734
6910
6913
7495
7038
7346
7091
7407
6670
7227
6875
7406
6789
6972
6975
7560
7085
7389
7096
7397
6667
7189
6854
7393
6771
6977
7012
7659
7196
7524
7237
7559
6737
7247
6873
7361
6744
6890
6890
7455
7014
7309
7058
7371
6629
7139
6795
7272
6697
6896
6930
7574
7122
7453
7156
7454
6674
7196
6863
7363
6728
6903
6899
7478
7049
7344
7079
7373
6628
7150
6813
7338
6762
6979
7001
7612
7117
7416
7108
7384
6620
7123
6775
7256
6660
6828
6842
7409
6977
7285
7050
7386
6673
7232
6913
7454
6819
7019
7014
7614
7123
7421
7142
7449
6663
7157
6806
7284
6690
6877
6900
7521
7095
7408
7170
7531
6768
7325
6954
7474
6808
6991
6971
7548
7071
7363
7113
7441
6688
7205
6888
7427
6790
6989
7007
7641
7180
7530
7252
7598
6814
7365
6969
7455
6782
6941
6923
7503
7018
7309
7036
7342
6627
7163
6850
7374
6776
6982
7005
7646
7182
7529
7256
7602
6824
7375
6996
7491
6830
6993
6998
7584
7128
7428
7148
7483
6731
7260
6950
7486
6859
7083
7088
7756
7265
7593
7279
7593
6784
7336
6958
7458
6800
6972
6962
7555
7090
7401
7116
7415
6648
7150
6798
7314
6712
6927
6957
7595
7142
7485
7188
7503
6715
7234
6893
7366
6734
6915
PWM set: -20
15295
21462
13495
16239
14930
24197
15700
17842
14426
19294
13735
17984
15412
21453
13529
15894
14690
23485
15516
17482
14189
18652
13619
17952
15425
22122
13666
16518
15193
25300
16036
18378
14560
19565
13913
18169
15572
21790
13584
16067
14737
23648
15866
17895
14480
19513
13865
18450
15664
22182
13774
16761
15347
26265
16220
18559
14705
19707
13814
17750
15251
21427
13505
16174
15007
24482
15942
18316
14532
19713
13949
18317
15645
22165
13659
16557
15206
25792
16181
18487
14704
19871
14033
18416
15537
21546
13599
16256
14846
24005
15740
17963
14500
19457
13923
18357
15579
22136
13629
16295
15121
24545
15822
17743
14251
18767
13581
17464
15123
20961
13395
16008
14674
23524
15597
17726
14242
18778
13536
17479
15033
20696
13293
15642
14525
22647
15360
17107
13961
18213
13394
17028
14735
20187
13180
15619
14616
23236
15511
17814
14294
19107
13787
17893
15381
21336
13484
16165
15147
25055
16058
18103
14566
19653
13763
17833
15213
21275
13585
16344
15064
25448
16084
18491
14744
19985
14123
18715
15864
22254
13840
16776
15457
25826
16098
18343
14501
19665
13860
18041
15455
21735
13518
16341
15025
24682
15886
18007
14395
19148
13629
17706
15261
21070
13479
16100
14797
23814
15612
17573
14189
18777
13654
17833
15182
21425
13517
16175
14972
24625
15844
18155
14465
19316
13838
17857
15289
20852
13301
15701
14500
23049
15564
17662
14324
19203
13704
17889
15333
21208
13469
16101
14872
24114
15671
17656
14266
18727
13619
17736
15249
21196
13447
15939
14702
23529
15511
17554
14032
18272
13363
PWM set: 0
0
0
0
0
0
0
0
0
0
0
0
0
0
0
0
0
0
0
0
0
0
0
0
0
0
0
0
0
0
0
0
0
0
0
0
0
0
0
0
0
0
0
0
0
0
0
0
0
0
0
0
0
0
0
0
0
0
0
0
0
0
0
0
0
0
0
0
0
0
0
0
0
0
0
0
0
0
0
0
0
0
0
0
0
0
0
0
0
0
0
0
0
0
0
0
0
0
0
0
0
0
0
0
0
0
0
0
0
0
0
0
0
0
0
0
0
0
0
0
0
0
0
0
0
0
0
0
0
0
0
0
0
0
0
0
0
0
0
0
0
0
0
0
0
0
0
0
0
0
0
0
0
0
0
0
0
0
0
0
0
0
0
0
0
0
0
0
0
0
0
0
0
0
0
0
0
0
0
0
0
0
0
0
0
0
0
0
0
0
0
0
0
0
0
0
0
0
0
0
0
0
0
0
0
0
0
0
0
0
0
0
0
0
0
0
0
0
0
0
0
0
0
0
0
0
0
0
0
0
0
0
0
0
0
0
0
0
0
0
0
0
0
0
0
0
0
0
0
0
0
0
PWM set: 20
0
17196
13298
17887
20892
0
0
0
16275
18984
16134
0
0
0
13244
17791
20954
0
0
0
17095
19386
16195
23557
22595
16969
13023
17050
19857
20217
15008
17197
15944
18700
16170
23703
23370
17349
13485
18162
21795
0
16213
18569
17017
19579
16542
0
0
0
13092
17267
19945
0
15638
17833
16530
19240
16596
24586
23193
17185
13479
17934
21133
0
15706
18021
16634
19202
16266
23844
22734
16947
13050
17198
20031
20279
15262
17141
15694
18097
15466
21755
21294
16364
12898
16870
19694
20204
15399
17720
16371
18791
15893
23064
22041
16666
12914
16699
19378
20028
15245
17432
16204
18612
15959
22822
21903
16576
12922
16765
19369
19637
14896
16872
15544
18084
15556
22640
22174
16830
13158
17433
20602
0
15730
17986
16873
19193
16377
24220
22578
16793
13115
17420
20182
0
15256
17317
15662
17930
15234
21454
21239
16617
13010
17162
20210
0
15634
17777
16444
18851
16147
23748
22776
17095
13180
17513
20495
0
15483
17698
16311
18531
15521
22140
21274
16335
12762
16453
19074
19622
15139
17348
16079
18538
16075
23750
22380
16844
13047
17205
19993
20206
15237
17447
16190
18628
16054
23567
22366
16660
13015
17035
19967
20227
15368
17609
16285
18709
15853
23003
21627
16387
12747
16737
19632
20068
15360
17665
16553
18985
16263
23925
22724
16957
13213
17590
20906
0
15744
18112
16356
18638
15737
22616
21325
16419
12854
16851
19596
19974
15356
17557
16438
18822
16314
24083
22951
17007
13277
17681
20997
0
15610
17940
16440
18703
16041
PWM set: 40
7565
7151
7518
7070
7802
7639
8089
7808
7652
7041
7337
7379
7619
7084
7394
6892
7533
7291
7679
7415
7343
6837
7160
7269
7593
7179
7534
7070
7777
7608
8079
7772
7588
6998
7316
7320
7556
7034
7344
6846
7501
7301
7712
7472
7387
6878
7199
7296
7597
7169
7545
7073
7763
7560
8011
7704
7554
6934
7227
7240
7475
6967
7286
6822
7489
7328
7772
7557
7483
6958
7281
7365
7650
7202
7564
7070
7764
7558
8017
7674
7497
6868
7123
7127
7393
6946
7307
6887
7612
7483
7962
7707
7583
7043
7384
7463
7731
7228
7571
7063
7743
7490
7932
7638
7481
6888
7179
7222
7495
7049
7421
6986
7709
7554
8025
7762
7637
7093
7406
7457
7712
7199
7534
6986
7623
7391
7804
7502
7377
6817
7113
7193
7501
7082
7448
7008
7730
7586
8050
7778
7649
7069
7400
7432
7692
7140
7468
6968
7620
7396
7829
7547
7421
6891
7216
7313
7635
7196
7568
7122
7862
7712
8170
7821
7623
7008
7318
7314
7544
7046
7378
6878
7532
7345
7775
7526
7427
6904
7242
7344
7677
7247
7599
7133
7845
7647
8115
7790
7636
6999
7298
7327
7588
7077
7424
6965
7672
7509
7986
7747
7637
7069
7406
7507
7796
7315
7656
7146
7825
7600
8049
7688
7515
6919
7227
7243
7500
7022
7370
6919
7619
7470
7948
7685
7555
6995
7323
7419
7708
7195
7531
7026
7698
7461
7884
7555
7425
6838
7145
7190
7457
7018
7378
6957
7679
7527
8019
7778
7643
7074
7410
PWM set: 60
4361
4409
4247
4294
4266
4409
4273
4459
4218
4586
4577
4642
4459
4510
4347
4386
4338
4467
4300
4471
4201
4533
4489
4533
4349
4422
4280
4335
4306
4454
4314
4499
4246
4604
4589
4643
4452
4505
4337
4375
4321
4444
4264
4419
4473
4504
4344
4424
4288
4341
4316
4461
4317
4492
4236
4586
4566
4622
4430
4486
4317
4356
4293
4399
4226
4394
4490
4481
4550
4393
4478
4345
4397
4363
4497
4342
4510
4247
4602
4582
4654
4460
4520
4340
4371
4304
4417
4250
4427
4184
4547
4539
4609
4444
4518
4363
4400
4355
4477
4319
4495
4235
4590
4565
4629
4429
4466
4284
4311
4260
4389
4245
4429
4192
4563
4559
4629
4457
4524
4363
4400
4360
4489
4330
4502
4229
4578
4540
4583
4383
4427
4265
4314
4284
4427
4290
4475
4233
4601
4587
4653
4468
4520
4354
4390
4340
4462
4294
4463
4187
4513
4466
4507
4324
4392
4251
4306
4282
4430
4289
4473
4228
4587
4569
4624
4440
4502
4349
4386
4341
4472
4296
4452
4171
4500
4468
4533
4367
4436
4298
4349
4325
4464
4313
4484
4226
4571
4551
4607
4426
4489
4333
4374
4319
4435
4252
4407
4475
4463
4532
4370
4446
4308
4360
4330
4461
4304
4470
4211
4569
4553
4612
4426
4486
4313
4340
4273
4386
4223
4403
4513
4509
4582
4422
4496
4344
4388
4347
4479
4312
4483
4224
4578
4550
4608
4410
4458
4279
4303
4245
4373
4232
4417
4176
4538
4538
4606
4430
4488
4330
4365
PWM set: 80
2990
3045
2975
2962
2917
2997
2920
3039
2889
3119
3137
3135
3015
3073
3013
3000
2960
2955
2900
3117
2974
2963
2922
2930
2895
3137
3003
3000
2960
2956
2900
3116
2975
2979
2945
2953
2912
3145
3011
3015
2965
2949
2890
3106
2983
2993
2961
2962
2907
3132
3000
2995
2936
2922
2872
3109
2999
3018
2982
2975
2918
3153
3017
3008
2951
2935
2898
3139
3023
3029
2976
2963
2918
3149
3008
2988
2923
2918
2885
3132
3014
3013
2961
2963
2910
3131
2985
2976
2937
2943
2914
3153
3021
3016
2968
2956
2892
3106
2970
2977
2942
2947
2906
3136
3000
3007
2956
2941
2882
3107
2985
2994
2960
2958
2907
3131
3002
3000
2941
2923
2864
3097
2980
2990
2951
2941
2889
3120
2991
2990
2926
2913
2871
3111
2998
3005
2956
2948
2904
3135
2996
2984
2921
2918
2880
3122
3003
2997
2949
2949
2901
3126
2978
2966
2921
2929
2897
3134
3009
3002
2959
2950
2893
3107
2963
2969
2932
2942
2905
3132
3000
2997
2941
2925
2863
3084
2962
2980
2946
2948
2903
3130
3007
3003
2945
2927
2866
3101
2982
2995
2955
2947
2900
3131
3003
2993
2926
2903
2857
3098
2981
2990
2939
2933
2894
3121
2988
2978
2916
2915
2876
3121
2998
2991
2944
2944
2902
3125
2981
2970
2925
2930
2890
3126
2993
2989
2946
2934
2884
3103
2966
2973
2930
2937
2896
3123
2990
2994
2947
2934
2876
3087
2960
2974
2942
2945
2898
3132
3005
3007
2954
PWM set: 100
2254
2238
2212
2262
2211
2289
2177
2335
2351
2333
2246
2294
2263
2243
2211
2257
2200
2157
2332
2228
2253
2210
2203
2173
2351
2244
2259
2202
2193
2162
2345
2248
2271
2222
2214
2183
2359
2245
2257
2202
2202
2174
2356
2251
2265
2213
2208
2173
2344
2231
2245
2198
2203
2178
2356
2247
2264
2219
2215
2180
2352
2232
2250
2204
2204
2170
2341
2232
2255
2208
2204
2168
2334
2227
2251
2209
2210
2176
2351
2247
2265
2218
2209
2168
2338
2231
2253
2206
2199
2165
2342
2234
2249
2196
2185
2149
2325
2222
2246
2195
2190
2164
2339
2233
2243
2188
2186
2157
2337
2233
2252
2205
2205
2172
2339
2226
2236
2192
2194
2164
2342
2228
2247
2202
2200
2167
2334
2219
2242
2198
2203
2172
2343
2234
2256
2208
2202
2165
2329
2221
2246
2204
2203
2170
2342
2235
2256
2207
2195
2156
2330
2230
2258
2213
2209
2173
2348
2239
2254
2202
2194
2163
2340
2239
2261
2208
2203
2168
2342
2230
2242
2188
2185
2158
2337
2232
2252
2201
2204
2171
2342
2229
2234
2189
2189
2162
2338
2230
2249
2203
2202
2165
2328
2212
2232
2190
2194
2166
2337
2229
2250
2199
2195
2157
2322
2217
2241
2201
2201
2166
2340
2234
2251
2195
2182
2144
2320
2221
2248
2207
2203
2166
2341
2230
2249
2197
2189
2159
2336
2235
2256
2204
2198
2163
2335
2222
2236
2181
2179
2154
2334
2231
2248
2199
2197
2164
2334
2219
2233
2190
2195
PWM set: 120
1744
1780
1742
1801
1716
1836
1852
1828
1759
1793
1774
1754
1736
1774
1738
1801
1720
1861
1768
1787
1745
1741
1715
1848
1754
1775
1737
1739
1716
1852
1759
1783
1742
1737
1710
1842
1753
1778
1740
1742
1714
1851
1760
1783
1738
1729
1700
1838
1754
1781
1742
1742
1717
1857
1766
1785
1741
1732
1707
1845
1758
1780
1737
1735
1711
1849
1758
1776
1727
1725
1703
1843
1755
1775
1736
1738
1713
1852
1757
1774
1735
1734
1713
1851
1756
1777
1738
1737
1708
1840
1744
1766
1729
1730
1708
1843
1751
1776
1734
1732
1704
1837
1749
1774
1738
1738
1710
1847
1755
1776
1733
1728
1697
1836
1749
1774
1735
1732
1706
1845
1754
1776
1730
1725
1705
1847
1762
1785
1743
1740
1714
1850
1758
1778
1729
1725
1702
1842
1754
1773
1734
1732
1707
1844
1750
1768
1727
1726
1707
1847
1756
1775
1735
1733
1707
1844
1747
1769
1729
1730
1707
1841
1752
1773
1730
1726
1699
1832
1742
1767
1729
1730
1706
1844
1756
1777
1734
1728
1698
1836
1750
1776
1738
1734
1709
1847
1756
1775
1730
1724
1700
1842
1758
1782
1738
1735
1712
1848
1758
1778
1732
1728
1706
1846
1757
1775
1735
1734
1709
1845
1753
1770
1729
1730
1708
1848
1756
1777
1737
1735
1711
1845
1751
1772
1732
1735
1711
1847
1756
1779
1738
1731
1703
1833
1746
1771
1733
1733
1708
1845
1756
1776
1735
1727
1699
1837
1748
1773
1733
1729
1705
PWM set: 140
1426
1472
1403
1500
1517
1498
1444
1477
1467
1450
1434
1460
1431
1476
1410
1508
1524
1447
1446
1453
1404
1520
1478
1450
1430
1412
1504
1479
1426
1423
1501
1500
1463
1428
1475
1506
1441
1458
1449
1470
1517
1440
1444
1455
1406
1519
1471
1443
1429
1410
1500
1477
1430
1428
1499
1492
1463
1429
1477
1504
1446
1466
1457
1474
1518
1442
1446
1455
1404
1519
1475
1443
1419
1401
1497
1477
1432
1429
1507
1501
1463
1425
1472
1505
1448
1466
1456
1477
1520
1441
1437
1450
1403
1520
1472
1444
1426
1406
1494
1469
1423
1424
1501
1496
1462
1427
1471
1497
1436
1458
1452
1472
1516
1440
1442
1449
1396
1510
1469
1443
1426
1405
1499
1475
1424
1418
1496
1491
1461
1424
1471
1502
1442
1459
1446
1466
1515
1439
1440
1451
1404
1517
1468
1435
1420
1402
1496
1472
1427
1426
1500
1492
1454
1422
1470
1501
1438
1462
1453
1473
1512
1436
1441
1454
1403
1516
1472
1442
1421
1398
1488
1465
1422
1419
1496
1493
1459
1420
1463
1493
1439
1461
1451
1471
1517
1438
1435
1442
1396
1510
1466
1435
1418
1399
1488
1461
1416
1417
1499
1495
1460
1426
1472
1498
1433
1454
1445
1466
1510
1434
1438
1449
1399
1509
1466
1441
1427
1406
1497
1474
1425
1420
1494
1491
1459
1425
1468
1499
1440
1459
1447
1464
1514
1440
1445
1453
1406
1519
1473
1439
1421
1402
1495
1471
1427
1425
1505
1498
1458
1421
1470
PWM set: 160
1234
1211
1252
1195
1276
1290
1271
1223
1247
1237
1222
1209
1231
1210
1250
1195
1276
1226
1226
1212
1275
1220
1219
1208
1273
1221
1224
1209
1271
1220
1223
1211
1273
1222
1224
1206
1267
1220
1224
1209
1274
1224
1225
1208
1273
1225
1227
1212
1278
1225
1222
1206
1272
1225
1223
1209
1275
1221
1219
1206
1274
1224
1224
1210
1275
1220
1219
1207
1272
1221
1223
1208
1268
1216
1219
1205
1271
1223
1225
1210
1271
1222
1225
1208
1273
1224
1224
1205
1270
1222
1224
1209
1275
1224
1222
1207
1274
1227
1224
1209
1275
1221
1219
1207
1273
1223
1223
1210
1275
1220
1220
1208
1273
1222
1224
1209
1271
1218
1221
1209
1272
1225
1225
1208
1271
1222
1224
1209
1274
1224
1223
1204
1270
1221
1222
1206
1272
1222
1218
1202
1269
1220
1220
1206
1273
1221
1218
1203
1270
1217
1219
1207
1270
1217
1217
1206
1272
1220
1223
1207
1269
1217
1219
1206
1267
1218
1219
1202
1264
1215
1219
1205
1270
1221
1220
1202
1268
1220
1220
1206
1272
1221
1217
1200
1266
1218
1216
1202
1268
1216
1213
1199
1266
1215
1218
1205
1267
1211
1212
1200
1266
1215
1217
1204
1265
1214
1219
1206
1269
1221
1221
1203
1264
1217
1219
1204
1270
1220
1219
1202
1267
1221
1223
1207
1274
1222
1219
1203
1268
1221
1220
1205
1270
1216
1215
1201
1267
1218
1220
1208
1271
1216
1217
1204
1270
1218
1221
1206
1266
1214
1218
PWM set: 180
1072
1056
1045
1063
1044
1078
1028
1098
1109
1092
1053
1075
1069
1054
1045
1063
1044
1098
1055
1054
1041
1094
1052
1054
1042
1098
1055
1054
1040
1097
1055
1056
1043
1099
1055
1052
1039
1097
1054
1055
1044
1099
1053
1051
1040
1097
1054
1054
1043
1097
1052
1052
1043
1100
1055
1056
1044
1097
1051
1052
1041
1096
1053
1054
1041
1093
1052
1054
1041
1097
1053
1052
1036
1092
1050
1051
1038
1094
1050
1048
1035
1091
1051
1050
1040
1096
1050
1047
1037
1094
1051
1051
1040
1095
1049
1048
1040
1096
1051
1052
1040
1093
1047
1049
1040
1094
1051
1049
1037
1090
1049
1053
1042
1096
1053
1051
1036
1091
1050
1050
1038
1094
1050
1046
1036
1095
1055
1054
1043
1098
1052
1048
1037
1094
1050
1050
1039
1093
1047
1047
1038
1095
1052
1053
1041
1092
1048
1050
1040
1094
1051
1050
1037
1091
1049
1051
1040
1095
1052
1052
1038
1094
1053
1054
1042
1097
1053
1050
1038
1095
1052
1051
1042
1098
1053
1051
1040
1098
1053
1053
1041
1095
1048
1048
1039
1096
1050
1051
1040
1094
1050
1052
1042
1097
1053
1053
1040
1092
1051
1054
1042
1098
1053
1053
1038
1094
1054
1055
1042
1098
1054
1050
1039
1096
1054
1053
1043
1099
1053
1050
1041
1099
1055
1055
1045
1098
1052
1052
1042
1098
1054
1055
1042
1097
1051
1052
1042
1096
1054
1055
1041
1095
1054
1056
1044
1099
1055
1055
1040
1094
1051
PWM set: 200
961
927
946
941
926
918
931
915
945
903
963
976
961
927
947
942
927
918
933
947
977
945
916
946
977
947
917
947
976
943
915
944
976
945
917
945
976
942
915
944
974
944
917
944
972
944
919
949
978
947
919
945
974
944
918
945
976
944
915
943
974
945
918
946
976
944
914
942
973
944
916
945
974
941
913
944
976
944
917
945
975
941
915
945
975
943
916
943
971
940
914
944
972
942
914
942
972
943
917
945
975
943
913
940
973
943
917
944
974
943
913
942
974
945
915
945
975
941
913
942
974
942
915
943
972
940
913
944
974
942
914
941
970
939
914
944
973
943
913
939
970
941
915
944
974
943
914
940
970
942
914
942
971
939
910
938
970
941
912
940
970
938
909
938
970
938
911
939
969
936
910
940
970
940
912
940
969
938
912
941
971
940
913
939
969
939
913
941
970
939
912
938
969
941
914
942
971
939
911
939
972
942
914
943
972
939
912
940
973
942
914
943
972
938
912
943
974
942
915
942
971
939
914
943
972
942
914
941
970
939
914
942
972
942
913
939
970
940
912
942
971
939
911
939
971
942
913
942
971
938
910
PWM set: 220
822
812
827
814
840
802
856
867
852
821
838
833
820
812
826
813
839
802
857
824
822
813
855
820
820
839
866
837
811
838
863
836
828
803
853
834
827
799
850
820
812
853
820
819
809
865
840
815
841
867
838
810
800
851
833
826
800
849
831
811
854
822
820
811
854
818
810
837
864
836
811
837
847
831
825
801
851
833
825
851
819
820
812
854
820
820
836
863
837
812
838
865
836
823
798
850
833
825
799
818
816
808
850
818
817
835
861
832
808
836
863
831
823
797
846
830
824
852
818
817
808
849
817
818
837
863
835
809
833
861
830
824
798
848
829
821
850
818
818
810
852
818
816
833
862
834
808
835
860
827
821
798
848
830
823
848
815
815
807
849
816
807
832
858
832
808
834
847
829
821
796
847
831
809
850
816
815
806
849
836
810
835
862
833
807
797
848
830
822
796
846
827
808
850
817
816
808
848
832
808
835
862
834
807
794
845
828
822
796
846
815
806
848
817
817
809
861
833
806
834
861
834
822
798
847
828
820
797
818
817
809
850
816
816
837
863
835
809
835
861
830
823
797
847
830
822
848
816
817
809
850
PWM set: 240
719
767
777
765
738
753
750
739
731
744
731
755
721
769
779
766
738
753
738
729
778
754
743
721
738
737
754
778
751
743
768
738
729
753
766
749
729
767
750
728
720
765
737
729
776
750
741
721
738
738
753
776
749
744
768
738
730
752
764
749
729
768
752
729
719
765
738
730
778
751
741
720
740
739
755
778
748
742
768
737
729
753
763
748
730
768
752
729
718
764
738
730
777
752
740
718
738
738
754
777
748
740
766
737
729
753
764
746
727
766
752
729
718
763
734
727
776
750
740
718
734
735
753
777
748
739
763
734
728
752
763
746
725
764
752
729
718
764
735
726
775
751
739
718
735
734
751
776
747
739
765
735
727
752
764
748
728
765
751
729
721
765
737
727
775
751
742
719
737
736
750
775
748
740
765
736
726
751
764
749
728
766
750
727
718
764
736
727
776
749
738
717
735
734
750
774
745
739
764
736
728
751
761
746
728
765
750
727
716
761
736
726
775
749
737
717
736
736
751
776
746
739
768
739
730
753
763
747
727
766
750
727
715
759
733
727
775
750
738
716
734
736
752
775
746
738
764
736
729
752
763
PWM set: 260
705
694
670
684
681
671
664
674
662
684
653
696
705
694
669
682
680
668
661
705
681
663
706
682
672
696
682
673
652
667
661
652
668
662
683
692
667
683
692
678
661
702
678
660
703
681
671
694
682
673
695
668
660
650
667
660
680
690
665
681
693
667
660
702
677
660
705
678
672
693
680
671
693
667
660
649
666
660
650
691
667
680
692
668
682
703
677
658
703
678
660
693
679
669
694
680
660
651
665
660
651
667
666
681
690
667
683
691
678
659
703
678
662
704
682
672
694
682
673
651
667
659
650
668
661
681
690
665
681
692
666
659
701
675
659
702
676
670
691
678
670
693
680
660
649
665
660
649
666
665
679
690
667
680
691
676
657
702
677
658
701
678
668
692
679
670
693
665
659
650
666
659
649
689
665
680
689
665
678
700
677
659
701
676
657
691
680
671
693
679
657
649
667
660
650
665
663
680
691
666
680
690
675
658
702
676
658
700
675
670
693
680
670
691
679
660
650
667
659
649
667
667
681
692
666
681
703
679
659
702
676
659
694
681
670
693
679
670
651
667
659
649
665
665
681
690
665
679
690
677
661
PWM set: 280
604
624
595
635
644
633
611
624
621
612
606
617
606
625
597
636
644
611
605
595
611
605
635
623
614
635
624
605
644
620
604
644
620
623
632
610
625
633
611
595
610
606
597
611
606
635
624
616
636
624
614
643
622
604
643
620
623
633
611
624
633
609
596
610
604
594
608
603
634
621
613
633
621
604
643
620
604
642
620
624
632
610
623
633
612
597
610
604
595
610
614
634
622
613
635
623
603
643
620
605
644
620
624
632
610
624
632
605
595
610
606
596
611
614
635
624
615
636
623
603
643
620
603
642
608
622
632
609
623
630
604
596
610
604
595
622
615
635
623
614
633
620
605
643
619
602
631
610
622
631
608
621
609
603
594
608
603
634
622
613
634
621
613
643
618
603
641
619
624
632
610
623
631
610
595
609
604
594
610
613
634
621
612
634
622
603
642
617
602
643
608
622
630
607
623
608
602
593
607
603
595
621
612
632
621
613
641
618
601
641
619
622
631
609
621
629
608
594
607
602
594
609
613
633
620
613
634
618
602
640
618
602
630
608
621
630
608
622
608
602
592
608
602
631
619
610
631
621
601
639
616
PWM set: 300
572
562
556
565
555
573
547
584
592
582
562
573
570
561
555
564
554
584
570
555
581
560
547
573
565
590
570
573
581
555
546
572
565
591
569
572
560
555
582
572
553
590
560
572
560
554
582
569
552
579
559
545
558
562
581
567
571
578
553
544
570
563
589
568
571
560
555
582
571
552
589
559
571
559
562
583
569
554
580
559
546
559
563
589
568
572
580
554
545
570
563
589
569
570
560
554
581
571
552
590
558
571
559
562
582
568
552
579
558
546
559
562
587
567
569
577
552
543
569
551
587
557
568
558
553
581
569
551
577
556
542
556
559
586
565
567
576
550
543
568
550
587
557
568
556
551
578
566
550
577
557
542
556
560
586
565
568
576
550
578
567
549
587
556
568
556
559
579
564
549
575
556
542
568
560
585
566
568
557
550
578
568
550
587
557
543
556
559
578
564
549
577
552
543
569
561
587
566
568
557
552
578
568
550
586
556
543
557
560
579
567
551
577
551
542
568
559
586
564
568
557
551
579
568
550
575
554
541
554
559
584
565
567
575
550
541
567
548
584
555
567
555
550
578
564
549
576
555
542
568
560
PWM set: 320
511
529
505
538
545
536
518
528
525
517
511
520
512
528
504
538
545
516
504
527
510
535
516
503
527
510
534
511
535
523
526
516
519
544
516
503
527
518
542
514
503
528
510
534
510
535
522
525
514
517
541
515
503
526
518
543
515
503
527
510
535
510
536
523
526
516
518
543
515
503
516
519
542
515
503
526
510
534
510
536
524
527
517
519
543
523
526
515
517
543
515
503
526
510
534
510
535
522
526
515
518
542
523
526
515
518
542
514
502
526
509
533
509
535
523
525
516
518
542
523
526
514
517
541
514
501
524
508
531
509
534
522
524
514
517
541
513
501
524
517
540
513
501
525
509
533
509
534
521
525
515
517
540
513
502
525
509
533
509
534
525
509
532
509
534
522
525
515
517
542
514
502
525
508
533
509
535
522
526
532
509
534
521
525
515
517
541
514
502
526
509
533
509
535
523
525
515
517
542
522
525
514
517
541
513
500
524
508
531
509
533
521
525
514
517
541
513
501
526
508
532
513
501
526
509
533
509
534
521
524
514
517
540
513
501
524
508
532
509
533
523
508
533
509
534
521
524
514
516
541
513
PWM set: 340
475
482
474
490
468
498
505
499
481
490
487
480
475
482
474
491
499
487
468
488
474
479
481
504
479
497
486
490
488
473
496
481
504
478
497
485
489
488
472
495
479
503
477
496
485
489
478
473
495
473
502
477
466
485
488
478
472
494
472
502
477
466
484
488
477
471
495
472
502
477
465
484
488
477
471
494
472
501
476
464
483
487
476
470
494
471
502
476
464
483
487
476
470
494
478
501
476
494
482
486
485
471
493
477
500
476
494
482
486
486
471
494
477
500
475
494
483
486
486
471
476
478
500
471
494
482
464
485
470
476
479
501
471
494
482
464
485
470
476
477
501
471
495
483
464
486
471
476
478
493
471
493
476
463
484
486
475
477
494
472
496
477
465
485
486
476
478
494
471
494
476
465
485
487
477
478
494
472
501
476
464
483
487
477
471
493
471
501
476
465
483
487
475
470
492
471
500
475
464
482
487
476
470
493
472
502
477
465
484
487
477
471
495
472
501
476
495
483
487
484
470
493
477
500
475
493
482
486
484
470
493
477
500
475
494
482
463
484
469
475
476
500
470
493
481
464
484
470
475
477
493
PWM set: 360
445
454
452
445
441
447
440
455
434
462
470
461
445
455
452
444
439
444
440
461
447
460
447
469
440
469
445
463
444
462
450
434
451
454
453
454
452
439
444
440
444
446
460
446
468
440
468
440
463
444
462
451
434
451
435
454
456
454
440
445
440
444
447
460
447
469
441
468
444
462
444
462
451
433
450
433
454
455
453
439
444
439
443
446
460
446
467
439
468
439
461
444
461
444
433
450
433
452
453
453
454
443
439
443
439
459
446
460
440
468
441
468
444
461
443
433
450
433
451
453
452
454
452
438
443
438
443
445
459
446
467
439
468
439
461
444
461
451
433
451
434
453
454
453
455
444
439
444
446
461
446
459
439
468
440
468
445
462
445
433
451
433
450
454
452
453
443
439
444
439
460
446
459
439
467
440
468
444
461
445
462
451
434
451
454
453
453
452
438
442
437
443
445
458
445
458
438
466
438
466
441
459
442
459
448
430
448
431
451
452
452
452
441
437
443
439
460
445
459
439
467
438
467
443
461
444
461
450
432
451
453
452
453
453
439
443
439
443
445
459
445
459
439
466
439
460
442
460
443
432
450
PWM set: 380
413
420
413
427
407
433
440
432
417
426
423
417
412
418
413
427
432
412
417
413
417
412
416
412
415
412
415
426
424
426
424
426
425
425
425
426
425
406
423
406
422
406
423
406
422
406
422
433
416
432
416
433
416
433
416
433
416
439
412
438
412
439
412
438
412
439
412
432
418
431
417
429
417
430
418
431
412
416
412
416
412
416
412
416
412
416
425
424
424
424
424
423
425
424
405
421
405
421
405
422
405
421
405
416
432
415
433
415
432
415
432
415
437
410
437
411
437
410
437
411
429
417
429
417
430
417
430
417
430
410
414
410
414
410
414
410
414
424
423
423
422
424
423
424
423
405
420
405
420
405
420
405
420
431
414
430
414
430
414
430
410
436
409
436
409
436
408
426
414
427
415
428
413
411
408
411
407
411
408
412
422
421
422
421
422
421
403
418
402
418
403
418
429
413
431
414
430
413
430
413
437
409
436
409
435
410
428
416
429
417
430
417
430
417
431
412
416
411
416
411
415
412
415
412
424
425
425
425
424
426
424
425
424
425
422
406
421
406
421
405
421
405
415
431
416
431
415
431
415
431
414
PWM set: 400
400
414
395
421
427
419
404
413
411
405
401
408
401
414
395
422
411
395
405
421
406
421
401
429
401
427
407
420
408
419
400
405
400
404
414
413
414
410
395
411
395
405
421
405
427
400
426
400
420
407
420
407
404
400
404
414
413
414
414
395
411
395
411
421
405
421
404
427
400
426
407
419
407
419
400
404
400
412
414
412
414
410
395
410
419
404
420
404
426
400
426
399
420
407
419
400
405
400
404
413
412
413
411
394
410
394
403
420
403
426
399
426
399
418
406
419
399
403
400
404
413
412
413
410
395
410
395
404
420
403
426
399
426
399
419
406
418
400
403
399
405
413
412
413
412
395
410
395
404
420
404
426
399
426
399
418
405
418
406
403
399
403
413
412
413
410
394
410
394
404
419
403
426
399
426
399
417
405
418
400
403
399
402
412
412
413
410
394
409
420
404
420
404
426
399
426
399
419
406
418
399
402
399
411
412
411
413
410
394
409
420
404
420
404
426
400
426
406
419
406
419
399
403
400
413
413
412
413
410
395
409
419
404
420
403
426
400
426
406
419
406
419
400
404
399
412
412
411
412
410
393
Done!
