434
426
442
446
439
415
431
417
425
419
422
431
432
423
439
444
416
421
420
435
419
433
419
433
418
432
412
436
411
435
410
428
412
428
412
427
420
404
420
403
419
419
421
419
421
419
412
406
412
406
427
413
427
413
428
408
432
408
432
410
426
411
427
410
402
419
402
419
419
421
418
419
417
412
404
411
403
424
409
425
405
429
405
429
407
423
408
423
416
399
416
399
417
416
417
402
409
403
410
410
425
410
425
405
429
405
429
407
424
407
399
416
399
415
414
416
414
409
401
408
401
423
409
423
404
429
404
428
407
423
406
422
416
399
415
414
416
414
416
402
409
402
424
409
423
409
428
403
428
406
422
405
422
414
397
413
413
415
413
408
401
407
400
421
408
422
403
427
403
421
406
422
413
398
414
397
415
412
415
399
408
400
421
407
422
407
426
402
427
404
419
405
396
412
396
414
411
414
399
407
399
422
407
421
407
426
403
426
405
420
405
396
413
396
414
412
415
412
408
400
407
407
422
407
426
402
427
406
421
406
422
415
398
415
414
416
414
416
402
409
401
423
408
423
409
428
403
427
405
421
406
PWM set: -380
422
414
429
434
428
403
419
407
414
409
412
421
422
415
430
434
414
429
415
430
410
435
410
434
409
428
412
428
412
428
421
404
420
405
421
404
422
419
422
420
415
408
415
408
415
408
429
415
429
414
430
410
434
409
434
409
429
412
428
412
428
421
404
421
404
421
420
422
420
422
420
415
407
414
407
415
407
429
415
430
415
430
410
435
410
434
410
428
412
427
411
427
420
403
420
403
422
419
421
419
421
405
413
406
413
406
427
413
428
413
432
409
433
408
433
411
427
411
428
411
403
420
404
420
403
421
419
421
419
414
406
414
407
414
414
429
414
429
414
433
409
433
410
434
411
427
412
428
411
403
420
403
419
402
421
418
420
418
413
405
413
405
427
413
428
413
427
408
433
408
433
409
427
411
427
411
402
420
403
419
403
421
419
421
419
422
407
414
407
414
407
428
414
429
414
429
409
434
409
434
411
427
411
428
411
403
420
403
420
403
421
418
421
419
413
406
414
407
413
413
429
414
428
412
433
408
432
408
427
411
427
411
427
418
403
420
403
421
418
420
418
420
406
413
405
413
413
427
413
428
413
PWM set: -360
441
443
435
451
455
449
423
441
427
435
429
432
441
443
435
450
440
444
441
443
425
443
425
442
425
442
425
443
425
443
452
434
451
433
451
434
451
434
451
431
457
431
457
432
457
432
458
431
452
436
452
437
452
437
453
437
437
429
437
429
437
429
437
429
437
442
445
443
445
442
445
443
444
425
443
426
443
426
443
425
443
425
434
451
434
451
434
451
434
451
434
457
431
457
431
457
431
457
431
458
432
453
437
453
437
452
437
453
436
437
429
437
429
437
429
437
430
445
443
445
443
444
442
444
442
445
425
443
425
443
426
443
426
443
451
435
452
435
452
435
452
435
458
432
458
432
458
432
459
432
459
437
454
438
453
437
453
437
437
429
437
429
437
429
437
429
436
442
444
442
444
443
445
442
445
443
444
426
444
426
443
425
443
426
434
452
435
451
434
451
434
452
435
459
433
458
432
459
433
459
438
454
437
453
438
453
437
453
430
438
430
438
430
438
430
438
443
446
444
447
444
446
444
445
427
444
427
444
427
444
427
436
452
436
453
435
452
435
458
433
459
433
459
433
460
434
454
438
453
438
453
PWM set: -340
480
452
470
456
463
458
462
471
472
464
481
486
479
452
471
456
462
487
460
481
465
465
458
465
471
473
453
472
481
463
488
460
482
466
466
458
473
473
473
454
464
482
461
490
467
484
460
468
473
476
455
474
455
466
484
462
491
468
485
459
467
474
476
456
474
484
465
489
461
484
467
468
459
475
474
475
454
464
483
461
489
467
484
459
467
473
475
455
474
483
465
490
462
484
466
467
459
475
473
474
454
465
482
462
489
467
485
460
468
474
476
456
475
484
466
490
461
484
467
468
458
475
473
475
455
465
484
462
490
467
484
460
468
474
475
455
474
483
465
490
463
485
468
468
460
476
473
475
455
466
483
462
490
468
485
459
467
473
475
455
474
483
465
490
461
484
467
468
460
476
473
474
454
465
483
461
489
467
485
459
466
472
474
455
474
483
466
490
462
485
467
468
460
477
474
475
455
466
484
462
490
467
484
459
467
474
475
455
474
483
465
490
461
489
466
483
458
467
472
475
454
474
482
464
488
460
483
464
465
458
473
472
473
454
463
482
460
489
465
482
465
466
459
475
472
474
454
464
482
461
489
PWM set: -320
515
485
504
490
498
491
496
506
508
499
516
523
515
485
504
490
492
516
491
507
484
506
515
492
517
492
508
486
508
516
492
517
492
508
486
508
517
493
518
492
508
505
507
516
492
517
492
509
506
509
518
493
518
493
500
507
509
517
493
518
492
500
507
509
519
495
519
493
509
506
509
518
494
519
493
509
507
509
518
493
518
492
509
507
509
518
494
518
492
499
506
509
517
493
518
493
500
506
508
517
494
517
492
500
507
508
517
493
518
492
500
506
508
517
493
517
491
499
506
509
517
493
518
500
499
506
508
517
493
517
499
499
506
508
517
493
525
500
500
507
510
518
495
519
501
501
507
510
517
494
518
501
500
506
509
518
494
519
500
500
507
509
518
494
519
500
501
507
509
517
493
518
501
500
507
508
518
494
518
500
500
507
508
517
493
518
500
499
507
509
517
492
517
499
500
506
508
517
493
524
499
499
506
509
518
493
525
500
500
506
508
517
494
526
500
500
506
508
517
493
524
500
499
506
509
517
494
525
500
499
507
509
518
498
525
500
501
506
509
517
498
526
500
500
507
509
517
493
524
501
501
PWM set: -300
556
563
556
523
544
529
538
531
534
546
548
537
556
563
555
523
543
534
562
537
537
524
535
565
539
538
524
534
564
539
540
525
536
565
540
550
526
536
566
541
552
527
538
566
532
551
526
537
560
532
552
528
535
560
533
552
560
534
560
532
549
560
535
560
547
549
559
533
559
546
550
560
535
541
547
550
560
542
541
548
550
568
543
541
548
537
567
542
541
527
538
568
543
553
527
539
568
534
553
527
539
561
534
553
528
535
560
534
552
560
535
561
533
551
561
536
561
548
551
560
534
541
547
550
560
535
541
547
549
559
541
540
546
549
566
541
540
547
537
566
540
540
525
537
566
541
541
526
537
566
540
550
525
537
566
533
552
527
537
559
531
551
526
537
560
533
552
527
534
560
532
552
560
535
561
533
550
559
535
560
547
550
559
535
542
547
550
560
535
541
548
549
560
542
542
548
550
568
543
542
548
538
567
542
541
527
537
567
542
553
527
538
567
533
552
527
538
560
533
552
527
535
561
534
553
561
536
561
534
551
560
535
561
547
551
560
535
541
547
550
560
541
540
547
549
567
542
540
547
550
567
PWM set: -280
606
570
593
575
586
578
582
596
598
586
607
614
607
571
595
576
586
596
614
586
598
607
579
587
571
584
609
578
597
616
588
601
572
581
588
596
586
609
579
598
609
589
600
573
581
588
597
585
617
579
599
611
589
601
574
582
610
596
586
616
579
599
609
590
590
574
583
610
596
586
617
580
602
611
590
590
575
583
612
598
588
619
581
600
610
590
591
574
583
611
597
586
617
579
602
610
590
589
574
582
609
597
586
617
580
602
611
590
590
574
583
611
597
599
617
580
603
611
591
590
574
583
610
597
600
618
581
603
611
590
591
575
584
610
598
600
618
581
602
611
591
591
575
583
610
597
600
618
581
602
611
591
592
575
584
612
598
601
618
581
603
612
592
591
575
584
611
598
586
618
581
602
612
591
591
575
583
611
597
586
618
580
603
611
590
590
574
583
610
597
599
617
580
602
610
590
590
574
582
610
597
599
619
581
603
611
590
591
575
583
611
598
600
617
580
602
611
590
590
574
583
610
598
599
618
580
603
612
591
591
575
585
612
599
600
618
581
603
612
591
591
575
584
612
598
587
619
582
604
613
592
PWM set: -260
638
642
655
658
645
668
675
668
628
653
634
645
637
641
655
657
645
667
655
642
669
655
643
669
656
643
670
656
643
670
657
643
670
657
644
671
657
644
671
657
644
671
657
644
671
657
645
649
631
641
648
631
641
647
630
640
648
633
642
649
632
642
649
632
641
648
632
641
650
632
641
649
633
642
650
631
641
648
632
641
650
633
642
651
674
651
662
673
651
663
673
651
663
674
652
664
675
651
664
675
652
664
675
651
665
676
652
666
684
642
663
684
641
663
683
641
663
684
643
664
684
643
663
685
643
662
683
661
649
676
662
648
676
662
648
676
662
648
675
661
648
676
662
649
677
662
649
653
636
645
653
636
646
653
636
646
654
637
646
654
637
647
654
636
646
666
678
655
667
679
655
668
679
655
667
677
654
667
678
656
669
686
645
666
687
645
666
686
644
665
687
645
666
686
645
666
679
665
652
679
665
651
680
665
652
679
665
652
679
639
648
656
638
648
656
639
648
657
639
649
657
639
649
669
680
657
668
680
657
670
681
657
669
681
658
670
689
646
667
689
647
669
690
647
668
690
647
668
688
666
652
PWM set: -240
718
733
736
722
748
756
747
703
731
710
722
714
717
733
736
722
747
756
703
715
722
747
723
734
757
733
720
749
705
716
738
750
712
734
758
734
719
724
705
724
737
749
712
735
750
732
716
725
705
725
738
758
712
720
751
736
718
725
750
726
737
760
735
720
749
705
717
739
752
714
737
760
735
722
726
707
725
739
751
713
737
751
735
717
726
707
726
740
759
712
720
750
706
718
727
751
726
737
761
737
722
726
706
718
739
751
713
737
752
737
719
728
709
727
741
761
714
722
753
707
718
727
753
728
739
761
736
722
727
707
718
739
751
715
738
753
737
720
727
708
728
741
762
715
722
752
707
719
727
753
727
738
762
737
723
728
708
717
740
752
714
739
753
737
720
728
709
728
740
761
714
722
752
707
719
727
752
728
739
762
737
722
727
709
719
741
752
714
737
753
736
719
728
708
727
741
761
714
722
751
706
718
728
752
728
739
761
736
723
728
708
719
740
751
714
738
753
737
719
727
709
728
740
762
714
721
752
707
718
727
752
728
738
762
736
723
727
707
718
740
752
715
739
753
737
720
728
709
728
740
761
PWM set: -220
845
834
786
817
794
808
798
802
819
821
807
835
845
835
786
817
794
809
799
822
847
820
803
808
836
796
820
836
787
807
821
846
818
798
810
837
794
802
836
787
808
821
846
817
797
823
837
797
805
810
789
809
822
838
820
800
822
845
794
803
808
837
809
822
838
790
800
824
848
819
803
808
836
795
821
837
787
809
824
848
820
800
810
836
794
803
837
787
809
821
846
818
800
825
838
797
804
808
787
810
822
837
819
797
821
845
795
804
810
838
796
822
838
789
811
825
848
818
797
808
836
795
805
838
788
810
822
848
820
801
825
836
795
803
808
788
811
822
838
788
801
825
848
820
803
808
835
795
819
836
787
808
822
847
820
799
808
836
794
803
836
786
808
820
845
817
798
825
838
797
806
809
787
809
822
837
820
799
822
845
796
804
810
839
798
822
838
789
810
824
848
819
798
807
836
795
804
838
788
808
821
847
819
799
824
835
794
802
808
787
810
823
838
789
801
825
848
821
800
809
837
796
804
837
788
809
822
848
821
800
824
838
795
802
808
787
808
820
836
818
799
824
849
796
806
811
838
796
822
838
789
PWM set: -200
933
879
914
887
902
893
897
918
921
905
936
949
936
882
918
891
906
897
901
907
936
890
900
906
936
891
899
904
934
890
899
906
939
893
901
908
939
892
900
907
938
890
898
904
936
889
899
907
937
890
900
907
937
890
900
907
936
890
900
907
937
892
901
907
938
894
904
910
941
895
903
908
939
894
904
908
939
893
901
907
938
893
903
910
941
892
900
907
939
893
902
908
937
890
900
907
939
894
903
910
939
893
902
909
939
892
901
907
935
889
900
908
940
894
902
907
938
892
901
906
938
891
899
905
936
891
900
907
939
891
901
907
939
893
901
909
938
891
900
906
936
890
901
907
937
892
900
907
938
892
902
907
936
891
901
906
937
892
899
906
937
892
901
907
939
892
900
906
937
892
900
907
937
890
899
906
938
892
902
909
939
892
901
907
937
891
901
907
936
890
900
906
938
893
903
908
939
893
902
908
939
893
901
906
936
891
900
906
939
893
902
908
939
894
903
909
940
892
901
907
939
893
902
908
938
891
901
909
940
894
904
909
938
892
901
908
938
893
901
906
938
893
903
910
941
896
904
909
939
894
904
PWM set: -180
1019
1021
1042
1045
1028
1063
1076
1062
1001
1042
1012
1029
1019
1023
1046
1049
1068
1007
1032
1046
1066
1004
1031
1046
1066
1003
1028
1042
1064
1004
1030
1047
1069
1005
1030
1046
1066
1004
1031
1046
1066
1001
1027
1043
1064
1002
1031
1047
1065
1004
1031
1048
1068
1004
1020
1048
1077
1042
1019
1048
1078
1045
1019
1049
1080
1046
1022
1051
1082
1045
1019
1048
1080
1043
1020
1049
1079
1041
1019
1049
1082
1045
1022
1053
1080
1043
1020
1051
1080
1044
1020
1048
1078
1043
1020
1051
1082
1049
1024
1052
1081
1045
1022
1051
1081
1046
1020
1030
1064
1014
1023
1033
1069
1017
1026
1033
1067
1014
1023
1032
1064
1012
1022
1031
1065
1014
1025
1033
1067
1016
1027
1035
1068
1017
1028
1034
1067
1015
1026
1033
1068
1017
1026
1034
1068
1018
1028
1035
1071
1018
1025
1033
1068
1016
1025
1033
1068
1014
1024
1034
1069
1018
1028
1037
1071
1017
1027
1035
1070
1017
1028
1036
1067
1015
1027
1036
1071
1019
1030
1037
1069
1016
1027
1035
1070
1018
1026
1032
1066
1014
1026
1034
1071
1020
1028
1037
1071
1019
1028
1036
1073
1017
1027
1035
1069
1016
1028
1038
1072
1019
1029
1037
1071
1019
1030
1038
1071
1018
1028
1036
1070
1019
1030
1037
1071
1019
1031
1038
1073
1021
1030
1037
1071
1020
1030
1037
1071
1019
1027
1036
1071
1022
1031
1040
1074
1020
1029
1037
1073
1020
1029
PWM set: -160
1177
1182
1208
1211
1192
1233
1249
1233
1163
1209
1174
1195
1182
1188
1214
1219
1199
1237
1175
1185
1196
1235
1175
1186
1196
1231
1171
1182
1193
1233
1175
1188
1197
1234
1176
1187
1196
1234
1176
1186
1193
1231
1172
1182
1193
1235
1175
1184
1197
1236
1178
1187
1196
1236
1174
1184
1194
1234
1173
1185
1196
1235
1174
1186
1199
1237
1178
1189
1198
1232
1174
1185
1196
1233
1174
1186
1193
1233
1175
1188
1199
1238
1179
1188
1195
1235
1177
1189
1198
1237
1177
1184
1194
1235
1178
1189
1200
1240
1178
1188
1199
1239
1178
1189
1200
1236
1175
1184
1195
1235
1177
1191
1202
1238
1178
1188
1199
1235
1176
1188
1195
1231
1173
1184
1194
1236
1178
1190
1198
1237
1177
1189
1198
1238
1178
1186
1195
1232
1175
1185
1195
1235
1174
1185
1196
1236
1176
1188
1199
1234
1174
1184
1195
1231
1172
1183
1193
1230
1173
1185
1198
1237
1179
1190
1198
1235
1177
1189
1199
1236
1177
1186
1194
1233
1175
1188
1198
1240
1180
1188
1196
1235
1178
1188
1198
1236
1173
1183
1194
1235
1175
1188
1200
1238
1177
1187
1197
1236
1177
1189
1199
1233
1173
1184
1195
1233
1176
1189
1198
1235
1176
1190
1200
1237
1179
1188
1196
1234
1174
1185
1194
1234
1175
1185
1196
1235
1178
1188
1199
1238
1176
1186
1197
1237
1176
1188
1198
1235
1176
1187
1199
1238
1179
1192
1202
1236
1176
1188
1200
1237
1177
PWM set: -140
1420
1381
1403
1390
1394
1428
1433
1413
1458
1477
1457
1376
1431
1392
1415
1402
1406
1416
1477
1427
1408
1432
1413
1458
1390
1399
1433
1455
1370
1408
1396
1414
1480
1433
1415
1432
1415
1457
1388
1395
1437
1461
1376
1408
1427
1409
1451
1383
1394
1438
1464
1376
1411
1401
1417
1482
1431
1413
1437
1417
1455
1385
1394
1434
1457
1374
1411
1401
1414
1477
1428
1412
1436
1418
1461
1392
1399
1434
1456
1372
1409
1398
1412
1476
1426
1406
1427
1410
1454
1388
1395
1436
1461
1376
1407
1396
1409
1473
1423
1405
1427
1409
1448
1379
1388
1431
1457
1374
1411
1403
1417
1480
1426
1409
1432
1415
1457
1389
1398
1435
1456
1370
1406
1397
1414
1479
1433
1417
1436
1415
1457
1390
1400
1437
1463
1380
1391
1397
1433
1475
1373
1411
1399
1417
1484
1435
1413
1434
1416
1462
1391
1398
1438
1463
1375
1407
1427
1408
1451
1383
1393
1435
1459
1371
1407
1398
1414
1477
1429
1412
1431
1408
1450
1383
1392
1431
1455
1373
1409
1397
1409
1474
1425
1410
1432
1415
1461
1392
1397
1433
1458
1375
1389
1399
1436
1479
1375
1405
1426
1408
1455
1388
1397
1440
1465
1378
1407
1396
1411
1476
1426
1409
1432
1414
1452
1382
1390
1433
1458
1376
1414
1405
1418
1479
1427
1410
1432
1414
1456
1389
1395
1433
1454
1371
1406
1428
1411
1458
1390
1397
1436
1459
1378
1391
1401
1437
1479
1375
1406
1425
1409
PWM set: -120
1734
1711
1767
1791
1766
1669
1730
1683
1708
1691
1693
1734
1739
1715
1771
1796
1769
1734
1713
1698
1747
1776
1768
1727
1705
1690
1736
1768
1763
1726
1707
1695
1742
1770
1760
1726
1706
1693
1742
1773
1768
1737
1720
1705
1745
1768
1760
1724
1705
1694
1739
1767
1763
1730
1712
1692
1732
1762
1756
1725
1710
1696
1743
1776
1774
1740
1719
1697
1740
1767
1760
1730
1709
1694
1740
1771
1767
1729
1704
1686
1731
1764
1762
1729
1710
1698
1749
1779
1772
1731
1710
1694
1741
1771
1765
1728
1708
1694
1742
1768
1758
1722
1703
1690
1739
1768
1764
1733
1717
1705
1750
1775
1769
1735
1715
1703
1749
1777
1772
1740
1719
1700
1741
1769
1765
1729
1712
1697
1741
1772
1769
1736
1715
1697
1744
1771
1769
1737
1718
1702
1748
1779
1772
1734
1708
1691
1738
1767
1764
1729
1709
1696
1745
1774
1766
1726
1707
1695
1743
1776
1772
1738
1720
1708
1755
1783
1768
1731
1708
1695
1745
1775
1768
1734
1714
1700
1742
1767
1761
1727
1710
1700
1747
1779
1776
1745
1727
1710
1748
1774
1767
1732
1713
1699
1744
1774
1771
1737
1713
1692
1737
1765
1764
1733
1714
1699
1749
1784
1781
1744
1718
1702
1747
1778
1775
1738
1716
1700
1748
1779
1770
1729
1707
1694
1738
1771
1766
1731
1716
1705
1755
1783
1773
1736
1717
1705
1754
1783
1776
1741
1723
1706
1746
1771
1763
1729
1710
1698
1744
1773
1771
PWM set: -100
2234
2263
2228
2106
2183
2127
2163
2146
2146
2199
2210
2180
2246
2273
2238
2117
2197
2174
2143
2194
2225
2216
2172
2155
2134
2195
2234
2227
2187
2161
2130
2191
2231
2226
2187
2166
2144
2210
2252
2244
2197
2160
2127
2186
2227
2225
2181
2157
2132
2196
2235
2222
2170
2146
2125
2195
2240
2234
2190
2172
2155
2220
2256
2235
2186
2158
2133
2197
2236
2229
2185
2163
2140
2194
2226
2215
2171
2153
2137
2205
2244
2241
2204
2184
2156
2208
2243
2233
2187
2166
2143
2202
2237
2230
2185
2157
2128
2187
2225
2218
2178
2156
2137
2206
2251
2246
2198
2166
2144
2205
2246
2243
2197
2168
2142
2205
2241
2224
2174
2150
2128
2189
2235
2230
2186
2166
2147
2213
2247
2232
2189
2165
2144
2213
2252
2242
2199
2178
2154
2208
2232
2218
2175
2154
2138
2203
2240
2235
2192
2173
2146
2200
2237
2229
2192
2175
2153
2213
2253
2251
2207
2179
2141
2195
2230
2221
2183
2159
2133
2192
2233
2230
2182
2151
2126
2192
2237
2236
2195
2170
2153
2223
2261
2251
2195
2163
2138
2198
2240
2230
2184
2161
2140
2204
2236
2219
2172
2149
2131
2200
2241
2234
2198
2180
2160
2220
2248
2238
2192
2168
2149
2209
2242
2232
2186
2165
2132
2186
2224
2214
2174
2156
2136
2199
2243
2243
2204
2179
2146
2207
2244
2239
2202
2176
2151
2209
2247
2237
2183
2152
2128
2191
2231
2229
2187
2161
2142
2209
2250
2239
2191
PWM set: -80
2977
2814
2914
2839
2887
2854
2844
2920
2945
2910
2991
3013
2966
2790
2883
2807
2850
2809
2904
2962
2949
2882
2862
2833
2939
2990
2956
2887
2866
2837
2940
2992
2975
2919
2906
2866
2957
2977
2951
2887
2868
2840
2940
2983
2957
2892
2875
2825
2903
2950
2943
2894
2884
2849
2937
2986
2977
2919
2890
2830
2915
2957
2948
2900
2878
2829
2917
2966
2958
2894
2862
2813
2906
2965
2970
2914
2890
2859
2963
3017
3002
2920
2889
2841
2931
2982
2970
2906
2882
2841
2929
2963
2938
2871
2851
2819
2924
2980
2965
2909
2892
2855
2945
2979
2957
2889
2876
2844
2940
2989
2969
2908
2874
2821
2911
2950
2937
2884
2872
2837
2929
2977
2973
2919
2892
2841
2931
2973
2970
2919
2896
2851
2948
3002
2987
2915
2867
2812
2903
2955
2957
2899
2872
2836
2938
2993
2979
2903
2873
2834
2938
2996
2988
2924
2906
2870
2968
3011
2972
2893
2864
2826
2928
2974
2960
2896
2872
2834
2921
2965
2949
2890
2884
2856
2955
3002
2993
2939
2917
2868
2951
2979
2957
2895
2878
2838
2936
2978
2964
2903
2868
2823
2911
2962
2965
2918
2903
2864
2965
3014
3001
2931
2892
2842
2933
2983
2973
2909
2875
2829
2923
2970
2952
2876
2853
2822
2926
2987
2976
2907
2894
2864
2967
3013
2981
2915
2890
2853
2958
3006
2987
2925
2905
2859
2936
2966
2953
2893
2873
2844
2946
2995
2990
2935
2918
2867
2953
2998
2985
2927
2915
PWM set: -60
4227
4135
4230
4146
4120
4221
4277
4198
4298
4310
4266
4016
4168
4080
4184
4109
4088
4198
4224
4346
4320
4220
4209
4121
4181
4187
4313
4041
4114
4222
4149
4247
4334
4277
4399
4364
4093
4126
4109
4171
4176
4317
4038
4100
4123
4208
4230
4339
4292
4183
4188
4075
4186
4221
4346
4344
4095
4164
4269
4189
4277
4355
4284
4386
4317
4196
4174
4077
4192
4219
4335
4322
4213
4203
4081
4176
4203
4328
4312
4193
4206
4143
4249
4336
4283
4401
4386
4126
4186
4282
4192
4251
4311
4246
4357
4322
4201
4208
4130
4222
4247
4361
4340
4231
4207
4121
4197
4223
4331
4312
4229
4251
4181
4279
4370
4315
4440
4420
4153
4196
4280
4195
4269
4343
4275
4379
4364
4102
4164
4263
4182
4274
4366
4309
4422
4388
4122
4146
4224
4135
4207
4239
4364
4369
4119
4185
4298
4222
4325
4410
4342
4446
4380
4113
4141
4223
4143
4238
4266
4382
4362
4097
4163
4264
4179
4240
4239
4337
4299
4187
4197
4129
4219
4247
4356
4332
4223
4227
4144
4222
4245
4350
4317
4235
4248
4169
4254
4335
4274
4387
4367
4108
4150
4241
4152
4210
4209
4320
4312
4230
4239
4167
4254
4337
4278
4389
4346
4210
4203
4135
4219
4236
4353
4353
4107
4167
4269
4181
4269
4353
4293
4401
4362
4094
4128
4218
4134
4196
4221
4342
4335
4253
4155
4258
4179
4270
4344
4272
4374
4336
4236
4222
4141
4240
4329
4281
4403
4396
4132
4207
4313
PWM set: -40
6680
6945
6783
7077
6712
6651
6833
7188
7031
7176
7054
7168
6627
6938
6823
7162
6829
6766
6941
7336
7152
7281
7131
7170
6625
6912
6800
7147
6834
6788
7018
7439
7290
7473
7340
7480
6902
7206
7064
7390
6966
6881
7031
7368
7134
7255
7124
7219
6673
6959
6836
7169
6821
6792
7003
7441
7280
7454
7331
7444
6885
7191
7026
7364
6961
6844
7003
7332
7112
7207
7055
7140
6633
6940
6823
7161
6813
6759
6954
7366
7206
7394
7289
7394
6813
7107
6945
7237
6840
6710
6874
7266
7133
7317
7231
7354
6795
7089
6940
7251
6864
6790
6977
7377
7194
7354
7213
7292
6689
6952
6804
7120
6794
6767
6963
7355
7227
7383
7249
7347
6723
6989
6831
7138
6778
6721
6907
7300
7115
7247
7043
7076
6537
6820
6717
7078
6776
6738
6976
7398
7248
7414
7241
7294
6684
6935
6791
7111
6759
6682
6847
7200
7008
7122
6978
7067
6557
6845
6740
7071
6775
6733
6923
7298
7109
7244
7079
7167
6613
6898
6774
7104
6767
6719
6907
7318
7171
7337
7180
7229
6659
6945
6867
7229
6886
6834
7033
7443
7248
7420
7285
7396
6823
7130
6986
7318
6923
6826
6987
7335
7120
7229
7084
7172
6638
6925
6800
7142
6820
6795
6998
7421
7258
7462
7344
7446
6869
7163
7025
7353
6937
6824
6959
7312
7152
7307
7191
7311
6750
7052
6919
7222
6871
6825
6998
7408
7207
7361
7228
7286
6673
6916
6759
7062
6736
6693
6911
7307
7167
7336
7210
PWM set: -20
20607
16622
16817
14575
17045
13865
15321
15400
19398
14365
14735
15268
21331
17154
17563
15113
18320
14486
16192
16051
20688
14642
15124
15643
22863
17646
17978
15313
18372
14516
16133
15983
20145
14518
14759
15267
21446
17110
17546
15112
18453
14648
16399
16309
21367
14795
15266
15718
22441
17684
17913
15310
18389
14521
16199
16242
20405
14550
14688
15007
20547
16735
16761
14568
17442
14017
15627
15633
19821
14391
14719
15309
21645
17181
17563
15055
17805
14270
15680
15647
19675
14301
14613
15186
21307
17146
17609
15178
18658
14561
16207
16001
20283
14527
14783
15231
21249
17128
17246
14942
17791
14275
15964
15854
20119
14564
14987
15505
22317
17404
17870
15382
18693
14688
16478
16311
20995
14787
15217
15861
22897
17718
17784
15194
18119
14316
15901
15817
19788
14304
14659
15020
20842
16932
17122
14820
17620
14114
15660
15651
19694
14398
14647
15086
20776
16965
17142
14837
17624
14217
16012
15907
20482
14559
14978
15556
22006
17319
17553
15017
17975
14258
15823
15755
19670
14308
14430
14845
20131
16609
16880
14788
17906
14287
16072
15891
20136
14464
14681
15200
21258
16972
17211
14913
17635
14072
15451
15325
19043
14155
14342
14848
20294
16813
17242
14952
18006
14296
15960
15951
20165
14481
14752
15121
21207
16965
16999
14651
17428
14075
15677
15718
19887
14426
14698
15130
21203
16911
17292
15006
18192
14454
16218
16051
20757
14758
15192
15865
23058
17636
17745
15201
18175
14386
15859
15702
19902
14527
15139
15578
22589
17589
18040
15525
19095
14798
16989
16841
21710
15125
15489
PWM set: 0
0
0
0
0
0
0
0
0
0
0
0
0
0
0
0
0
0
0
0
0
0
0
0
0
0
0
0
0
0
0
0
0
0
0
0
0
0
0
0
0
0
0
0
0
0
0
0
0
0
0
0
0
0
0
0
0
0
0
0
0
0
0
0
0
0
0
0
0
0
0
0
0
0
0
0
0
0
0
0
0
0
0
0
0
0
0
0
0
0
0
0
0
0
0
0
0
0
0
0
0
0
0
0
0
0
0
0
0
0
0
0
0
0
0
0
0
0
0
0
0
0
0
0
0
0
0
0
0
0
0
0
0
0
0
0
0
0
0
0
0
0
0
0
0
0
0
0
0
0
0
0
0
0
0
0
0
0
0
0
0
0
0
0
0
0
0
0
0
0
0
0
0
0
0
0
0
0
0
0
0
0
0
0
0
0
0
0
0
0
0
0
0
0
0
0
0
0
0
0
0
0
0
0
0
0
0
0
0
0
0
0
0
0
0
0
0
0
0
0
0
0
0
0
0
0
0
0
0
0
0
0
0
0
0
0
0
0
0
0
0
0
0
0
0
0
0
0
0
0
0
0
PWM set: 20
18603
16218
18942
0
0
0
15260
16663
22998
0
16594
15354
17489
15554
17663
0
0
14063
14768
16085
22211
16952
16728
15590
18525
16371
19600
0
0
0
15246
16745
22992
17274
16706
15369
17710
15779
18053
20672
22166
13944
14739
16135
22603
17250
16801
15565
18487
16350
19261
21749
23120
14211
14909
16418
22486
17036
16525
15478
18250
16109
19043
21610
23617
14307
15330
16911
24171
17616
17274
15915
18843
16231
18814
21338
22472
14031
14701
16211
22187
17175
16793
15589
18569
16199
19350
21894
23630
14332
15192
16714
24054
17563
17053
15716
18428
16073
18723
21284
22591
14127
15000
16671
23069
17254
16839
15556
18510
16057
18729
21108
22522
14021
14675
16047
21804
16951
16366
15291
17904
15996
19001
21749
23268
14310
15304
16958
24129
17520
17337
15992
19332
16529
19714
0
0
0
15219
16606
22657
17084
16560
15478
18121
16073
18825
21475
22791
14046
14708
16154
22494
17087
16589
15521
18508
16168
19148
21797
23322
14324
15142
16577
22823
17193
16484
15370
17632
15688
18252
20693
22012
13853
14420
15813
21945
16937
16683
15521
18400
16231
18926
21328
22237
13950
14510
15912
21462
16886
16499
15546
18316
16129
19279
21840
23338
14236
15427
17077
24908
17726
17435
16117
19105
16378
19229
21552
22694
14194
15048
16550
23017
17259
16831
15579
18030
15843
18667
21185
23082
14206
15490
17036
24533
17688
17294
16012
19137
16492
19565
22025
22989
14145
14946
16292
22451
17120
16827
15747
18491
16059
19031
21376
23008
14172
15194
16832
23666
17296
16774
PWM set: 40
7514
7352
6966
6911
6980
7314
7294
7141
7211
7127
7456
7679
7795
7623
7137
7037
7022
7229
7138
6923
6970
6800
7112
7320
7509
7415
7036
7005
7057
7384
7350
7192
7244
7146
7431
7650
7760
7583
7076
6924
6908
7134
7073
6862
6936
6783
7117
7349
7548
7462
7064
7010
7051
7358
7301
7110
7150
7026
7317
7487
7592
7384
6944
6837
6831
7046
7019
6843
6930
6811
7154
7390
7576
7468
7041
6970
6980
7262
7195
7024
7080
6937
7230
7393
7518
7344
6922
6814
6837
7083
7055
6905
7015
6916
7241
7477
7636
7506
7038
6955
6972
7276
7233
7038
7107
6955
7245
7431
7551
7364
6936
6838
6863
7115
7098
6949
7041
6927
7224
7439
7573
7431
6995
6932
6963
7239
7202
7012
7070
6927
7222
7373
7496
7320
6918
6859
6919
7211
7199
7055
7143
7036
7319
7546
7707
7582
7128
7048
7079
7339
7263
7038
7074
6891
7175
7348
7497
7362
6981
6945
7005
7298
7254
7099
7159
7047
7328
7549
7712
7575
7112
6989
6996
7237
7174
6938
6987
6834
7159
7403
7602
7493
7090
7044
7089
7395
7319
7139
7180
7069
7361
7579
7737
7560
7080
6949
6958
7176
7121
6925
6988
6866
7213
7477
7674
7547
7112
7077
7107
7409
7344
7181
7239
7110
7401
7592
7735
7529
7038
6885
6880
7109
7110
6976
7086
6996
7344
7627
7807
7668
7164
7086
7117
7409
7330
7135
7190
7038
7311
7463
7575
7359
6928
6828
6867
7135
7143
7001
7085
6975
7282
PWM set: 60
4193
4295
4113
4362
4405
4401
4235
4223
4171
4157
4170
4244
4155
4276
4115
4370
4428
4283
4273
4205
4214
4284
4180
4286
4356
4400
4240
4236
4183
4277
4182
4298
4390
4474
4333
4323
4271
4246
4249
4303
4182
4276
4323
4382
4240
4241
4185
4260
4157
4262
4371
4460
4314
4304
4205
4244
4121
4056
4396
4296
4294
4231
4243
4304
4210
4326
4438
4507
4344
4320
4200
4236
4141
4258
4374
4478
4332
4313
4224
4242
4311
4213
4324
4414
4468
4299
4274
4160
4234
4148
4273
4376
4459
4310
4284
4225
4252
4317
4213
4325
4405
4441
4266
4248
4173
4263
4177
4294
4384
4458
4316
4303
4233
4239
4303
4190
4292
4356
4396
4243
4239
4181
4275
4182
4296
4382
4470
4334
4316
4263
4242
4244
4302
4180
4277
4344
4410
4272
4269
4207
4216
4279
4177
4278
4373
4454
4304
4288
4200
4252
4130
4068
4404
4290
4285
4215
4222
4277
4180
4295
4388
4465
4315
4298
4202
4255
4148
4261
4362
4450
4300
4282
4197
4274
4179
4293
4375
4427
4263
4233
4137
4227
4140
4105
4376
4457
4300
4276
4213
4231
4300
4198
4314
4389
4433
4263
4248
4165
4260
4172
4288
4383
4455
4318
4309
4266
4243
4249
4312
4200
4301
4355
4395
4241
4238
4177
4274
4182
4289
4371
4459
4316
4300
4222
4224
4276
4164
4264
4337
4414
4277
4287
4231
4248
4319
4220
4318
4409
4493
4334
4318
4222
4213
4257
4137
4083
4355
4452
4321
4322
4273
PWM set: 80
3062
2946
2983
2944
2913
2883
2932
2859
2947
2817
3011
3048
3044
2935
2975
2948
2922
2948
2978
3046
3068
2985
2903
2926
2955
3026
3058
2979
2916
2953
2979
3038
3050
2960
2893
2928
2966
3036
3063
2975
2920
2951
2972
3030
3034
2953
2906
2952
2988
3049
3063
2980
2920
2951
2973
3026
3034
2953
2905
2946
2972
3025
3052
2974
2921
2950
2965
3018
3036
2972
2926
2958
2977
3038
3061
2982
2922
2946
2954
3014
3043
2975
2917
2945
2978
3041
3059
2975
2904
2930
2958
3030
3062
2986
2926
2959
2989
3045
3057
2965
2893
2930
2967
3043
3068
2982
2927
2962
2985
3039
3048
2961
2904
2948
2982
3046
3061
2988
2936
2966
2984
3031
3038
2960
2912
2954
2980
3038
3062
2987
2932
2961
2971
3015
3037
2968
2917
2953
2972
3040
3065
2986
2928
2947
2962
3025
3056
2986
2928
2958
2987
3054
3074
2980
2904
2925
2956
3030
3062
2986
2921
2960
2988
3047
3065
2969
2901
2940
2978
3051
3074
2989
2933
2964
2983
3039
3049
2955
2899
2941
2976
3040
3054
2980
2921
2957
2978
3031
3043
2968
2918
2961
2986
3039
3063
2986
2928
2958
2968
3016
3039
2972
2930
2966
2984
3049
3071
2994
2930
2948
2964
3023
3056
2983
2925
2955
2988
3058
3074
2985
2905
2922
2953
3027
3061
2984
2920
2960
2983
3041
3052
2961
2888
2916
2953
3022
3048
2967
2916
2958
2982
3040
3047
2960
2908
2949
2986
3047
3061
2985
2929
PWM set: 100
2230
2208
2185
2163
2208
2160
2234
2136
2280
2301
2284
2198
2237
2222
2194
2171
2214
2234
2269
2271
2223
2182
2207
2229
2272
2284
2237
2193
2210
2227
2264
2274
2234
2194
2215
2235
2283
2292
2244
2195
2207
2227
2277
2294
2252
2208
2221
2243
2287
2289
2233
2182
2196
2224
2274
2288
2240
2190
2211
2233
2275
2278
2221
2174
2197
2230
2283
2292
2238
2194
2213
2232
2272
2272
2222
2185
2211
2243
2291
2294
2246
2197
2212
2234
2271
2277
2231
2193
2219
2242
2285
2294
2246
2196
2209
2225
2267
2278
2235
2195
2215
2233
2279
2286
2237
2189
2200
2215
2257
2273
2230
2186
2202
2229
2277
2283
2231
2175
2185
2211
2263
2278
2233
2185
2205
2229
2270
2273
2216
2163
2183
2214
2266
2276
2225
2183
2202
2222
2263
2263
2215
2178
2207
2241
2286
2291
2239
2194
2211
2229
2269
2271
2228
2191
2216
2243
2280
2289
2238
2192
2210
2228
2270
2283
2243
2206
2227
2244
2287
2292
2239
2193
2207
2223
2270
2284
2243
2199
2214
2238
2281
2287
2235
2181
2194
2219
2270
2286
2238
2191
2213
2240
2284
2287
2231
2177
2196
2222
2272
2280
2226
2186
2207
2233
2274
2276
2220
2175
2198
2227
2274
2281
2235
2190
2207
2229
2266
2269
2222
2179
2203
2227
2267
2277
2228
2184
2200
2217
2257
2267
2228
2188
2210
2231
2277
2289
2237
2191
2204
2224
2273
2287
2247
2201
2214
2239
2282
2288
2237
2186
2197
PWM set: 120
1739
1719
1749
1714
1770
1693
1805
1823
1809
1741
1774
1759
1734
1712
1745
1708
1766
1805
1814
1777
1739
1752
1771
1807
1810
1770
1727
1741
1764
1799
1804
1766
1734
1747
1768
1803
1801
1767
1734
1752
1777
1813
1814
1777
1741
1752
1771
1801
1800
1767
1735
1751
1772
1803
1809
1773
1737
1748
1764
1796
1800
1769
1738
1751
1769
1804
1808
1772
1735
1742
1758
1797
1806
1775
1742
1751
1771
1802
1803
1766
1724
1734
1757
1796
1802
1768
1731
1746
1767
1799
1803
1763
1722
1734
1759
1795
1800
1762
1730
1742
1764
1795
1793
1756
1721
1738
1762
1798
1797
1763
1728
1741
1761
1790
1787
1752
1718
1733
1754
1785
1792
1759
1724
1736
1753
1784
1789
1760
1728
1742
1760
1793
1796
1761
1725
1734
1752
1787
1795
1764
1726
1736
1756
1791
1796
1759
1719
1732
1756
1796
1804
1771
1732
1746
1766
1798
1801
1761
1720
1735
1758
1795
1797
1756
1723
1736
1758
1792
1791
1753
1720
1738
1762
1798
1797
1763
1725
1736
1756
1786
1786
1754
1723
1740
1763
1796
1798
1763
1725
1737
1753
1784
1789
1760
1728
1742
1760
1796
1798
1762
1721
1728
1747
1783
1792
1761
1728
1737
1757
1792
1795
1760
1720
1728
1751
1789
1798
1764
1726
1741
1761
1795
1797
1759
1717
1729
1754
1790
1795
1759
1726
1742
1762
1796
1795
1757
1722
1737
1760
1795
1796
1762
1726
1740
1759
1788
1786
1751
1719
1734
1758
PWM set: 140
1426
1398
1446
1381
1471
1485
1470
1417
1445
1436
1418
1403
1430
1401
1448
1385
1475
1423
1439
1428
1442
1484
1419
1421
1432
1384
1491
1449
1417
1395
1379
1477
1454
1408
1402
1473
1473
1435
1397
1440
1490
1425
1419
1429
1380
1487
1444
1411
1394
1382
1479
1451
1403
1398
1469
1470
1430
1396
1442
1486
1417
1412
1421
1374
1479
1437
1411
1396
1379
1469
1443
1396
1391
1462
1464
1433
1401
1441
1485
1416
1413
1420
1371
1480
1446
1417
1396
1380
1472
1447
1397
1391
1467
1473
1435
1398
1441
1484
1414
1407
1417
1376
1485
1443
1413
1393
1377
1467
1439
1396
1396
1473
1473
1435
1401
1442
1481
1413
1415
1428
1382
1489
1449
1418
1398
1379
1472
1447
1405
1398
1472
1474
1436
1398
1436
1482
1416
1417
1424
1378
1484
1444
1410
1390
1376
1475
1448
1400
1396
1470
1471
1429
1394
1439
1487
1418
1415
1424
1377
1481
1439
1410
1397
1382
1473
1446
1399
1393
1463
1461
1428
1396
1442
1485
1416
1411
1420
1370
1477
1440
1415
1398
1380
1472
1444
1396
1388
1463
1466
1435
1398
1439
1483
1415
1410
1418
1374
1483
1444
1413
1395
1378
1470
1442
1392
1388
1465
1466
1430
1397
1440
1482
1412
1408
1418
1377
1482
1438
1409
1391
1373
1461
1435
1395
1393
1464
1467
1431
1395
1436
1477
1410
1412
1423
1374
1481
1440
1413
1390
1373
1468
1447
1404
1399
1471
1471
1434
1396
1437
1484
1419
PWM set: 160
1247
1201
1223
1215
1196
1183
1202
1179
1218
1167
1245
1261
1249
1204
1228
1220
1201
1186
1246
1200
1194
1181
1247
1203
1200
1185
1246
1200
1196
1183
1247
1201
1200
1183
1242
1197
1197
1184
1246
1201
1199
1182
1241
1198
1198
1182
1244
1200
1199
1180
1243
1200
1200
1183
1246
1202
1199
1180
1246
1205
1201
1185
1245
1200
1194
1182
1248
1204
1199
1184
1245
1198
1195
1182
1248
1201
1198
1180
1241
1196
1196
1184
1245
1202
1200
1182
1242
1199
1201
1185
1245
1201
1198
1179
1239
1198
1199
1183
1245
1198
1194
1177
1242
1203
1199
1183
1245
1198
1194
1180
1247
1205
1202
1184
1248
1201
1198
1185
1249
1204
1203
1186
1246
1199
1199
1187
1247
1203
1199
1184
1243
1199
1200
1184
1245
1202
1199
1180
1243
1201
1202
1184
1247
1200
1197
1181
1247
1207
1201
1184
1245
1200
1195
1181
1248
1206
1199
1182
1243
1197
1194
1182
1247
1201
1198
1180
1241
1195
1197
1184
1246
1201
1198
1180
1241
1198
1201
1186
1246
1201
1199
1179
1241
1200
1200
1183
1245
1201
1197
1180
1244
1204
1200
1184
1246
1200
1194
1179
1246
1202
1199
1183
1244
1197
1193
1180
1244
1198
1195
1179
1240
1195
1196
1182
1245
1199
1197
1179
1238
1195
1197
1182
1241
1198
1197
1179
1242
1202
1202
1182
1243
1198
1196
1176
1241
1202
1198
1182
1243
1197
1194
1179
1245
1202
1198
1183
1244
1196
1195
1182
1246
PWM set: 180
1013
1078
1091
1077
1038
1058
1050
1036
1024
1044
1025
1059
1013
1079
1091
1079
1060
1027
1059
1088
1057
1025
1058
1090
1059
1025
1056
1086
1057
1027
1057
1091
1059
1025
1053
1087
1060
1027
1057
1090
1059
1023
1053
1090
1061
1027
1059
1090
1059
1024
1057
1092
1059
1027
1059
1091
1057
1025
1059
1092
1059
1026
1057
1087
1058
1028
1062
1093
1061
1026
1055
1086
1058
1028
1059
1092
1059
1024
1055
1089
1060
1028
1058
1089
1058
1022
1053
1089
1060
1026
1057
1090
1057
1022
1057
1093
1061
1028
1058
1090
1056
1023
1057
1090
1059
1026
1056
1087
1055
1025
1059
1092
1060
1026
1054
1086
1056
1025
1054
1089
1058
1022
1051
1086
1057
1026
1054
1088
1058
1022
1053
1088
1058
1023
1055
1089
1056
1021
1055
1091
1058
1024
1054
1086
1052
1022
1056
1090
1056
1022
1053
1084
1054
1025
1059
1090
1058
1025
1054
1086
1057
1027
1056
1087
1055
1020
1050
1085
1056
1024
1055
1088
1055
1018
1050
1089
1059
1024
1055
1087
1053
1018
1052
1089
1055
1022
1053
1086
1052
1019
1053
1086
1055
1022
1054
1084
1052
1019
1053
1085
1054
1021
1051
1083
1053
1022
1053
1088
1055
1021
1050
1083
1055
1023
1052
1086
1055
1019
1051
1087
1058
1023
1053
1086
1052
1019
1054
1090
1057
1022
1053
1085
1051
1019
1053
1087
1054
1020
1051
1082
1050
1019
1052
1084
1053
1019
1049
1081
1051
1020
1050
PWM set: 200
898
926
886
943
955
944
911
929
925
911
903
918
902
929
889
946
958
947
913
911
897
944
913
914
901
947
914
911
899
946
914
910
900
948
912
908
898
946
913
911
900
947
912
907
898
946
912
909
898
944
908
905
895
939
907
907
895
940
908
907
898
942
909
907
896
942
912
913
900
946
912
908
897
945
913
908
898
944
910
907
897
947
914
911
898
943
909
906
897
944
910
908
897
942
907
907
897
941
909
908
896
940
908
909
899
943
911
909
895
940
909
909
897
943
909
905
893
941
911
909
898
942
908
904
894
942
910
907
896
942
906
904
895
943
908
906
896
940
907
907
898
942
909
908
896
941
909
910
898
943
910
908
896
942
911
912
899
944
911
909
896
943
911
906
896
942
907
905
895
944
911
909
898
942
907
904
897
944
909
908
896
940
906
907
899
944
910
909
897
942
908
909
897
942
908
906
893
939
908
910
897
943
909
905
894
944
912
910
899
943
909
906
896
943
910
907
897
943
907
905
896
944
909
907
897
942
907
908
899
945
911
908
897
940
908
908
897
941
907
906
893
939
909
909
896
942
908
904
894
942
911
PWM set: 220
842
811
827
822
808
800
814
799
825
790
842
853
844
815
831
826
812
804
817
792
842
822
814
841
811
807
799
840
825
799
825
852
827
815
790
840
821
814
839
811
810
800
839
826
801
824
851
827
814
788
840
823
813
840
810
807
798
840
828
801
825
852
825
813
789
840
821
813
839
808
806
799
853
827
800
824
850
822
816
791
840
822
799
839
809
809
800
852
826
800
823
841
826
817
792
843
808
800
842
814
809
826
852
826
800
826
844
825
816
791
841
807
799
840
810
808
824
850
824
799
823
839
822
813
787
808
809
799
840
810
800
823
850
827
800
789
841
822
813
787
811
807
799
841
810
800
824
853
826
802
790
840
821
814
791
811
809
800
839
809
801
826
852
826
801
788
839
822
815
788
811
808
797
838
810
799
823
851
824
797
786
839
821
813
789
810
804
796
838
824
799
822
849
818
810
787
838
806
797
837
808
799
822
849
825
800
787
837
820
812
837
809
806
796
848
825
800
823
839
820
811
787
810
804
798
837
823
797
822
850
819
811
787
838
805
797
839
808
807
823
849
824
800
788
841
823
814
788
810
810
802
PWM set: 240
732
720
742
711
755
765
756
729
743
741
729
722
735
722
744
713
759
768
730
722
743
757
741
719
758
744
720
710
757
727
720
768
744
731
756
729
720
743
756
738
720
759
745
723
713
758
729
721
766
740
732
755
729
722
744
758
741
721
758
745
721
712
757
727
742
767
743
734
758
730
720
744
758
740
720
756
741
718
711
730
727
742
765
739
733
756
730
721
743
755
740
720
767
744
732
710
729
728
742
766
740
731
756
730
721
744
757
727
720
768
743
732
710
729
726
743
766
739
732
755
742
721
712
757
727
719
765
743
733
710
729
727
740
756
741
718
755
742
718
708
754
725
717
763
736
728
753
728
718
741
755
737
717
764
741
731
710
726
725
740
764
738
730
752
741
719
710
756
727
718
765
743
729
709
727
725
740
755
738
719
755
741
718
709
754
723
716
762
735
727
753
725
717
739
752
736
718
762
740
729
707
726
726
740
764
737
729
752
740
717
708
753
723
715
763
743
730
756
728
717
740
754
737
717
753
738
716
708
725
723
738
760
734
728
751
726
716
705
752
725
717
763
740
729
707
725
722
736
751
734
714
PWM set: 260
664
653
674
645
686
695
687
662
674
671
660
653
664
652
673
645
687
696
672
665
686
674
663
686
672
663
683
671
651
643
659
651
642
658
651
642
659
650
641
682
657
670
684
656
670
684
657
671
684
669
650
691
667
649
692
667
649
691
666
649
690
669
660
681
669
660
682
669
660
681
670
660
640
658
651
642
660
651
642
659
650
642
659
657
670
685
656
671
683
656
670
682
656
649
691
667
648
690
667
649
690
667
648
690
666
659
679
669
658
680
670
659
680
669
658
681
669
648
639
655
647
639
656
647
640
656
648
639
655
653
666
679
654
668
681
655
668
681
654
667
680
653
646
690
666
647
689
667
647
691
665
647
690
666
648
680
668
658
682
670
660
681
668
658
681
669
659
639
656
648
639
656
648
638
655
648
639
656
648
638
680
654
667
681
653
667
680
652
667
680
653
666
679
664
646
689
664
647
688
665
646
688
665
646
687
664
645
679
668
658
679
668
657
679
668
656
678
667
656
679
669
648
640
657
648
638
655
647
637
654
647
639
655
648
666
679
653
666
680
654
666
680
654
667
681
655
668
681
665
646
688
PWM set: 280
632
624
602
613
610
599
594
603
594
612
586
623
631
623
601
612
609
593
623
612
603
623
608
592
631
599
611
622
597
585
599
592
621
609
601
619
605
588
626
596
608
620
590
581
595
597
617
608
589
627
604
589
618
593
607
595
589
581
606
597
616
603
587
624
593
605
616
587
579
594
597
617
606
587
625
603
605
617
592
580
597
590
620
609
599
618
604
588
627
594
607
617
589
581
595
599
618
607
589
626
606
589
619
595
607
596
589
582
608
599
618
605
589
627
594
607
619
594
582
596
589
617
607
599
626
605
588
618
595
606
596
589
580
607
598
617
608
588
626
605
606
618
595
582
596
588
619
607
598
626
604
589
618
595
608
618
590
581
596
598
617
607
588
626
605
606
618
594
581
595
588
618
606
598
626
604
588
626
594
608
617
588
581
595
598
617
606
588
625
603
605
617
594
580
594
587
617
607
598
625
604
588
618
594
607
617
588
582
597
600
619
608
589
626
605
607
618
595
581
597
590
582
608
599
618
605
589
626
595
607
619
589
581
596
589
618
607
599
627
604
589
618
594
608
595
589
581
606
599
618
605
PWM set: 300
558
549
544
553
543
560
535
569
577
569
549
559
557
548
542
552
542
577
548
558
548
550
569
557
558
569
541
569
559
542
569
546
534
557
540
576
546
535
548
551
575
556
558
548
542
568
556
556
567
540
567
556
537
566
545
531
557
538
573
545
532
546
549
573
545
557
545
549
566
553
555
544
537
565
553
536
564
537
564
557
538
565
543
531
556
538
573
544
531
545
548
573
544
555
545
549
566
554
556
545
539
567
556
539
568
540
532
558
538
567
546
533
558
550
574
545
558
546
550
574
554
557
545
538
566
554
539
566
539
565
557
537
566
544
530
556
536
572
543
530
555
547
572
543
554
544
548
573
552
555
544
539
566
554
555
565
539
565
556
537
564
537
530
556
538
573
544
531
555
547
572
543
555
545
548
571
552
555
544
538
564
551
553
563
537
564
552
536
563
537
530
555
536
564
543
530
555
538
573
544
531
544
548
573
543
555
544
548
565
553
556
545
538
565
554
537
566
539
567
557
538
567
545
532
557
548
573
545
533
546
550
574
555
557
546
539
566
553
556
566
539
565
556
536
565
537
530
555
536
564
542
PWM set: 320
501
510
501
516
495
526
533
526
508
518
515
505
501
509
500
516
495
517
500
508
509
532
504
495
517
501
526
501
526
515
516
507
510
533
506
526
515
516
508
509
533
506
494
518
501
526
501
527
514
517
507
501
525
501
526
515
516
507
509
532
505
494
517
500
524
500
532
505
493
517
500
525
501
526
514
515
507
509
531
505
525
513
514
506
508
530
504
492
515
498
524
500
532
505
493
517
500
526
500
525
514
516
507
509
531
505
525
514
515
506
509
531
504
493
517
499
524
499
524
514
493
517
500
525
500
526
514
516
506
509
531
505
493
517
516
507
509
531
505
493
516
498
523
499
524
513
513
515
498
524
499
523
511
514
505
507
530
504
524
512
515
506
508
530
504
493
516
499
525
499
524
503
492
515
498
523
498
523
511
514
505
506
522
498
523
512
514
504
506
529
502
491
515
512
503
505
529
502
490
514
496
522
497
528
501
490
513
496
521
497
521
510
490
513
496
521
497
521
511
512
503
504
521
496
521
511
512
503
505
528
501
520
508
510
501
503
526
500
489
509
510
502
502
525
499
489
510
509
501
502
525
PWM set: 340
487
470
478
475
467
464
471
462
477
457
486
492
486
469
477
475
470
492
463
485
475
457
478
478
469
463
487
471
492
463
486
468
458
476
478
479
462
469
470
492
463
485
466
457
474
477
477
461
468
470
485
462
491
467
485
474
456
476
476
467
460
484
468
490
461
484
466
456
474
476
477
461
467
469
484
462
491
466
485
475
457
477
462
469
469
486
462
491
467
486
475
457
477
477
469
462
485
471
492
463
485
468
457
475
476
470
463
487
471
492
463
485
467
457
475
477
478
461
467
470
486
463
491
466
484
475
456
477
461
467
469
485
462
491
465
484
473
455
476
475
466
460
484
468
489
461
483
465
454
473
474
475
459
465
459
483
468
490
461
484
464
455
473
475
477
461
468
470
485
463
484
466
457
474
476
477
461
468
469
484
461
490
466
484
474
457
477
476
466
461
485
469
490
462
485
466
457
474
476
476
461
469
470
486
462
491
466
484
474
476
476
461
467
470
485
463
490
466
484
475
456
477
476
467
460
484
468
489
461
484
466
457
474
476
477
461
467
469
485
461
490
466
484
474
456
477
477
468
461
486
470
PWM set: 360
436
450
431
457
464
458
442
450
448
440
436
443
435
450
430
458
450
435
441
434
440
433
439
440
455
441
455
440
454
435
460
433
460
434
460
433
453
438
455
437
454
437
428
445
428
445
429
445
429
449
448
448
449
449
434
440
434
441
434
441
442
456
440
456
441
456
435
462
435
462
434
461
438
455
438
455
438
456
446
428
445
428
445
428
445
447
448
448
448
448
448
433
439
433
439
433
439
441
455
441
456
440
455
433
460
434
460
433
460
433
453
437
455
437
455
437
428
446
429
446
430
446
448
448
448
448
448
449
434
440
433
440
433
440
441
455
441
456
441
456
435
462
435
461
435
460
439
454
437
455
438
454
444
427
444
427
444
427
444
446
446
446
446
446
445
446
447
432
437
431
438
431
438
431
454
439
453
439
454
438
454
432
458
432
459
432
459
433
459
436
453
436
453
436
452
435
425
442
426
443
426
443
426
443
446
447
446
447
446
446
446
437
432
438
431
438
431
437
438
452
437
452
437
453
438
453
433
459
432
459
433
459
433
459
436
453
436
453
435
452
436
425
443
425
443
425
442
425
442
426
445
PWM set: 380
413
409
415
408
422
403
429
434
428
413
421
419
412
409
414
407
429
414
428
414
413
408
413
408
421
420
420
421
420
402
418
402
418
403
411
427
411
427
411
433
408
433
407
426
413
427
413
412
406
411
405
411
420
420
419
420
401
417
400
417
427
411
427
411
427
408
432
407
432
413
426
412
427
412
411
406
411
406
419
421
421
420
421
402
418
402
418
427
411
427
412
427
407
433
407
432
413
428
413
428
414
413
408
412
408
412
420
421
420
421
402
418
401
418
402
412
427
410
427
412
432
408
433
407
428
415
429
415
428
407
412
408
413
407
421
420
420
420
419
402
419
402
418
426
411
427
411
427
407
431
407
431
413
428
413
426
412
411
406
411
406
419
419
419
420
416
400
416
400
409
425
410
426
409
431
406
431
406
427
413
427
413
411
406
411
407
412
420
419
421
420
401
417
401
418
402
412
427
411
426
408
433
407
431
407
427
413
428
413
412
406
411
407
412
420
419
419
419
401
417
401
416
426
410
426
409
426
406
430
405
431
413
427
412
427
406
411
406
412
406
420
420
419
419
417
401
417
402
411
427
410
PWM set: 400
405
398
412
394
419
424
420
403
411
409
403
398
405
398
411
394
412
391
409
394
403
418
403
423
398
422
404
419
404
403
397
411
411
410
393
408
392
401
417
402
423
397
418
404
419
397
401
397
411
410
407
392
407
416
400
416
397
421
403
416
404
401
396
401
409
409
391
408
391
401
416
400
422
397
416
403
417
396
400
409
409
410
407
391
408
416
400
421
397
421
403
416
395
400
396
409
410
410
390
407
416
400
415
397
421
402
416
403
401
396
409
410
410
391
407
391
400
416
397
422
398
418
404
418
397
402
397
410
411
408
392
408
417
401
421
398
421
403
417
403
402
396
401
410
410
392
408
392
401
416
400
421
397
417
403
417
397
401
396
409
410
408
392
408
416
401
417
397
421
403
416
403
402
396
402
409
410
391
407
392
401
416
400
421
397
416
404
417
396
402
396
409
409
407
392
408
417
401
417
398
422
404
418
404
402
397
402
411
410
410
408
392
401
417
402
422
397
421
404
417
397
402
397
410
410
411
392
407
416
401
416
398
422
397
417
403
402
397
403
411
410
410
408
393
408
417
402
423
398
422
404
Done!
