
425

444
440
419
420
419
42070
428
471
428
471
428
471
428
419
442
419
441
419
442
419
440
444
441
444
440
444
440
419
420
419
420
4413
417
414
404
428
404
454
431
414
404
423
425
412
415
412
403
429
411
412
410
409
409
410
408
399
399
398
398
398
398
415
420
415
419
415
395
417
395
416
394
402
443
403
443
405
421
405
421
403
403
403
403
394
394
393
394
393
413
416
412
416
414
392
414
442
400
442
400
419
403
419
404
402
402
402
401
392
392
393
392
411
415
411
391
413
392
413
441
400
441
399
418
403
418
400
401
400
401
391
392
391
392
415
411
414
412
391
413
392
400
440
400
441
403
418
403
418
400
401
400
392
391
392
391
411
414
410
391
412
391
412
441
400
440
400
417
403
418
400
401
401
401
391
393
392
393
415
411
415
411
392
413
392
400
440
400
440
402
418
403
418
400
401
400
392
391
392
390
410
414
410
413
412
391
411
440
400
440
402
417
402
417
400
400
399
392
390
391
390
410
414
409
390
412
390
412
440
399
439
402
418
402
417
400
400
399
391
391
391
391
410
414
409
390
412
391
412
440
399
441
403
418
403
418
400
400
400
392
391
391
390
409
413
409
413
411
389
411
439
398
439
401
417
402
416
400
400
399
392
391
391
PWM set: -380
417
405
408
406
396
420
396
446
423
406
397
415
417
405
407
406
423
408
424
408
406
406
406
406
407
406
398
397
398
397
398
420
417
421
418
422
418
397
419
397
419
397
407
448
406
447
406
447
408
424
408
424
408
407
406
407
407
407
407
398
397
398
397
398
421
416
420
417
420
419
397
419
396
419
398
406
446
405
447
406
424
409
424
409
424
409
407
407
406
407
407
407
399
398
398
397
398
421
417
420
416
420
418
396
419
396
418
395
405
446
405
446
405
423
408
424
408
423
406
406
406
406
406
397
397
397
397
397
420
416
420
417
420
418
396
418
396
418
397
405
447
405
446
405
424
408
424
408
424
406
407
406
407
406
398
397
398
397
397
398
416
420
417
421
417
397
419
397
418
396
418
447
404
446
405
445
407
423
407
422
407
407
406
407
406
406
397
398
397
398
397
417
421
417
420
416
421
418
397
419
397
419
448
406
447
405
447
406
424
409
424
408
424
407
406
406
407
407
406
396
398
398
398
398
416
420
417
420
416
420
419
398
419
397
419
448
406
447
406
447
406
425
409
425
410
426
410
407
407
408
407
PWM set: -360
441
416
469
445
427
418
438
439
426
430
426
417
441
417
469
446
440
418
440
417
439
443
439
443
439
443
439
443
419
419
420
419
419
418
419
419
429
429
429
429
430
429
429
431
448
431
448
431
448
432
472
429
472
428
471
428
472
428
420
442
419
441
419
441
418
440
444
440
444
441
444
440
419
420
420
420
418
419
419
419
429
429
428
429
429
429
428
447
430
446
430
446
430
446
429
446
426
470
427
470
426
470
426
470
440
417
440
417
440
417
439
417
440
443
439
442
438
442
439
442
437
442
418
417
417
416
417
416
417
417
417
416
426
426
426
425
425
425
426
426
427
426
426
429
445
429
445
430
446
429
445
429
445
426
469
427
470
425
469
426
469
426
417
439
417
440
418
440
417
441
443
439
442
439
443
439
443
440
418
419
418
419
418
419
418
419
428
429
428
429
428
429
428
428
427
446
430
447
430
447
430
447
430
470
427
470
427
471
427
471
427
418
440
418
440
417
440
417
441
444
439
443
439
444
439
443
439
418
419
418
419
419
419
419
419
427
428
429
429
428
428
427
429
430
446
430
447
430
447
430
447
PWM set: -340
454
443
464
467
451
456
453
442
468
442
498
473
453
443
465
466
453
473
457
499
453
499
468
444
466
470
445
443
455
455
474
458
500
453
501
469
444
467
471
445
444
456
455
475
459
501
454
445
470
472
468
445
446
456
457
455
476
459
503
455
446
469
472
468
445
446
456
456
459
476
454
501
470
445
468
472
446
446
457
455
476
459
477
454
501
470
446
468
472
447
446
457
456
476
459
502
454
446
470
472
469
445
447
456
457
459
476
454
502
470
446
468
472
468
446
447
457
458
459
475
454
501
469
444
467
472
445
445
457
456
476
459
501
454
446
469
472
468
446
446
446
458
456
476
460
502
454
445
470
473
468
446
447
456
456
459
476
454
502
469
446
468
471
446
445
457
456
476
458
475
454
501
469
445
468
471
446
445
456
454
475
458
501
453
445
469
471
467
445
446
445
457
455
475
459
500
454
445
469
472
468
445
446
456
457
459
475
455
502
470
446
470
472
468
445
447
457
458
460
476
455
502
471
445
469
472
447
445
458
456
476
458
501
454
445
470
472
468
445
446
456
457
459
476
459
501
454
444
469
471
468
PWM set: -320
499
482
488
485
473
501
473
533
505
485
475
499
499
482
488
485
501
475
485
506
489
535
500
502
476
487
488
490
535
501
504
477
475
488
490
535
501
504
500
476
488
490
535
485
475
500
476
487
489
507
485
476
500
476
487
488
509
486
477
502
476
478
488
509
486
477
501
478
478
488
510
486
478
501
505
477
488
510
486
477
503
505
479
489
509
486
477
502
504
478
488
509
485
536
501
504
477
487
508
491
536
501
503
477
487
488
490
535
501
503
476
476
488
489
535
501
503
500
475
487
489
534
484
475
500
476
488
489
508
486
476
500
477
488
488
509
486
477
501
477
478
488
509
486
478
503
506
477
488
510
486
477
503
507
478
488
509
486
477
502
505
478
488
510
486
536
502
505
477
488
508
487
536
502
504
478
487
509
491
537
502
505
477
488
489
490
536
502
505
477
476
489
491
537
502
504
501
477
488
490
536
502
505
501
476
488
490
535
486
477
500
475
488
490
508
484
475
500
475
487
487
509
485
475
499
476
477
486
507
485
476
502
504
477
487
508
485
476
501
505
477
487
509
486
536
502
504
478
489
509
491
PWM set: -300
522
511
540
510
573
544
522
511
535
537
520
525
522
511
541
511
576
537
511
524
526
575
538
512
524
527
575
539
512
525
527
576
539
512
524
527
575
539
513
525
527
576
539
513
525
527
576
540
542
525
528
576
539
543
525
527
576
540
543
525
527
576
541
543
525
527
577
541
542
526
528
577
541
543
525
527
577
541
543
525
528
578
540
543
525
528
577
541
544
526
529
577
540
542
526
528
576
540
543
526
528
577
540
543
526
528
576
541
543
526
528
577
540
543
525
527
577
540
543
525
527
577
540
543
525
528
577
540
542
526
528
578
541
543
526
529
578
541
544
526
529
578
541
544
526
528
577
541
544
527
529
578
540
543
526
529
577
541
543
526
528
577
541
514
526
529
578
541
515
527
529
578
541
515
526
528
577
541
514
527
529
578
542
514
527
529
578
541
515
527
529
579
540
514
527
528
578
539
513
527
528
577
539
514
526
529
578
539
514
527
529
578
539
515
527
530
514
541
515
527
529
515
540
515
527
529
515
540
516
527
529
515
539
514
526
523
514
539
514
526
524
515
540
514
527
524
515
540
516
527
524
PWM set: -280
569
566
553
586
553
623
589
566
553
581
583
565
569
567
554
587
555
567
565
555
555
568
625
585
555
592
567
587
555
571
626
584
555
592
585
588
569
571
556
584
568
626
585
555
569
567
557
556
569
626
584
556
593
567
588
556
572
555
584
568
593
586
588
569
568
557
556
568
625
586
558
594
568
589
557
573
626
583
568
593
586
589
569
571
558
557
570
625
586
556
570
568
588
556
572
628
585
557
594
568
591
571
574
558
586
571
628
588
558
571
570
591
559
574
628
586
559
595
588
592
572
575
559
558
571
630
589
559
573
571
593
559
575
630
589
572
597
589
592
573
571
560
560
572
630
588
561
596
570
592
573
575
559
587
571
629
589
559
571
570
559
559
575
628
586
558
595
587
590
571
574
559
586
571
629
588
558
570
569
591
558
574
626
585
557
595
587
591
571
573
558
586
570
627
587
558
570
568
589
557
574
627
585
556
593
587
589
569
573
557
585
570
627
587
557
570
568
557
557
573
628
585
557
593
568
590
569
572
557
586
571
594
587
557
570
568
557
557
573
627
586
557
593
568
590
571
574
557
585
570
595
PWM set: -260
644
618
604
634
636
616
622
619
605
640
605
681
646
619
605
635
636
616
605
605
623
606
606
622
606
606
623
606
606
623
606
607
620
683
636
620
683
637
621
682
636
621
683
639
621
684
637
607
648
639
607
648
639
608
647
639
607
647
639
607
647
639
606
621
620
644
622
620
644
623
621
644
622
619
644
623
620
644
622
620
609
609
625
609
609
626
609
608
624
609
609
626
609
608
625
607
608
626
684
638
622
686
640
623
684
638
623
686
640
622
685
639
623
686
639
622
684
641
609
650
640
610
650
642
610
650
641
609
650
641
610
650
641
609
651
642
609
624
621
646
625
621
644
623
621
646
625
621
646
624
621
646
624
621
645
623
622
645
609
626
609
609
627
610
609
627
610
610
628
610
609
627
610
611
627
610
610
628
610
611
623
687
640
624
686
639
623
687
640
624
686
639
623
686
640
623
686
638
623
687
640
623
650
641
609
651
643
610
650
642
611
652
642
610
651
642
611
652
642
610
652
644
611
651
642
611
625
623
647
625
622
647
625
623
647
625
622
647
626
623
647
626
624
647
626
624
646
626
623
647
625
PWM set: -240
684
668
701
704
681
687
683
669
707
667
752
712
684
668
701
703
681
687
707
713
705
669
712
701
683
752
669
689
669
685
682
709
714
706
669
714
702
685
753
670
690
669
685
683
709
715
706
669
714
703
685
754
669
688
669
685
683
708
714
705
670
714
702
685
753
669
689
670
686
683
708
714
705
671
715
703
684
753
670
689
670
686
682
709
714
706
671
715
702
685
754
671
690
671
686
683
710
716
707
671
754
702
685
754
670
689
669
686
683
710
715
706
670
754
703
685
670
672
690
670
687
684
710
716
706
671
755
704
686
672
671
689
709
687
684
671
715
705
671
755
705
686
670
671
690
710
688
684
671
716
707
686
756
704
690
671
672
685
711
688
684
672
717
708
687
755
704
691
672
672
686
712
688
707
672
717
706
687
755
672
690
672
688
684
711
716
708
671
716
704
686
755
672
690
671
688
685
711
716
708
672
756
704
687
672
672
692
711
688
686
673
718
709
688
756
705
687
673
673
690
710
688
684
671
717
706
686
755
705
691
672
672
684
711
688
708
672
716
703
686
755
673
692
673
672
685
712
688
708
673
717
PWM set: -220
830
788
756
739
775
778
753
760
755
738
782
738
830
786
755
738
774
778
752
739
789
776
761
739
756
778
739
831
776
760
781
756
778
755
830
739
753
782
788
775
756
739
738
752
738
788
776
759
739
756
778
738
830
739
761
782
757
779
756
832
740
754
782
788
776
756
742
759
755
740
833
778
763
785
759
781
757
833
742
757
787
791
778
758
742
760
756
742
834
777
762
785
759
783
757
833
741
755
785
791
778
758
740
758
756
742
834
778
762
783
758
780
757
834
741
756
784
789
777
758
742
758
756
741
833
777
762
785
758
779
757
833
741
756
784
789
779
757
740
742
755
742
789
777
763
742
761
782
741
834
743
763
787
792
783
758
741
743
757
743
793
779
762
742
759
783
743
835
742
763
785
791
782
758
742
742
757
742
792
779
763
742
759
781
742
834
742
763
785
790
781
758
741
741
755
740
790
778
763
742
758
780
740
834
741
763
785
790
780
756
741
743
757
741
790
778
763
741
760
782
742
833
741
762
785
792
781
758
741
742
756
742
791
778
762
741
759
782
742
834
742
763
785
792
782
759
742
743
757
742
791
PWM set: -200
926
878
844
824
864
868
841
849
843
824
873
825
928
880
845
826
866
869
843
826
928
826
842
826
929
828
843
826
929
827
844
827
930
828
843
825
929
828
843
827
931
828
844
827
930
829
845
828
931
827
844
827
930
827
844
827
930
828
843
827
930
828
844
827
929
828
842
827
930
828
844
826
930
827
843
827
930
826
843
825
928
827
843
827
930
827
842
825
928
826
842
827
930
827
843
828
931
829
845
828
930
827
842
826
929
828
844
827
930
828
843
827
932
829
845
826
929
827
842
826
931
828
843
826
929
828
844
828
931
829
844
827
930
829
844
828
931
829
845
828
932
828
845
829
931
828
843
826
930
828
844
827
930
828
844
827
932
830
845
828
930
828
843
827
931
828
843
827
930
829
844
828
931
829
843
827
929
829
845
829
932
829
845
828
932
830
846
829
930
828
843
828
932
830
845
829
933
829
845
829
932
829
845
829
932
831
846
830
934
831
845
829
932
829
845
829
932
830
845
829
931
829
845
829
933
829
844
827
930
828
845
829
931
828
843
828
931
829
845
828
931
827
844
829
932
830
845
828
932
829
845
PWM set: -180
982
951
959
951
932
986
931
1047
993
953
932
977
982
951
959
953
933
988
935
997
979
961
988
995
978
960
989
996
978
959
989
997
980
962
991
998
981
961
990
998
981
962
991
998
980
962
990
997
982
962
989
997
981
961
991
998
982
963
990
997
980
962
990
998
981
962
990
996
978
960
989
997
981
960
989
996
980
963
991
997
980
962
989
997
981
962
991
996
979
961
990
996
982
962
991
997
980
962
990
998
983
964
992
998
982
963
991
999
982
963
991
998
981
963
992
999
982
962
990
999
982
964
992
998
981
962
990
998
982
964
991
998
981
962
990
998
981
964
989
997
981
963
991
998
981
961
990
997
980
962
989
997
980
960
989
998
981
962
991
998
981
962
989
997
980
962
990
997
981
962
989
997
982
963
991
998
981
962
990
999
982
963
990
997
981
963
993
1000
984
963
992
999
983
965
993
1001
984
964
991
998
982
963
993
1000
982
962
991
997
981
963
991
999
982
963
990
999
982
964
992
999
981
962
990
998
982
963
991
997
979
961
990
998
982
963
990
998
983
965
993
1000
984
964
991
999
982
964
993
1000
982
962
990
PWM set: -160
1072
1136
1074
1207
1145
1099
1074
1125
1131
1095
1105
1096
1073
1137
1074
1207
1099
1133
1099
1076
1101
1133
1096
1075
1100
1132
1099
1076
1098
1129
1096
1073
1098
1130
1095
1072
1096
1128
1092
1072
1097
1129
1094
1070
1094
1125
1092
1072
1098
1129
1093
1070
1094
1128
1094
1072
1097
1129
1093
1071
1095
1128
1095
1074
1098
1129
1093
1071
1098
1132
1098
1076
1100
1132
1096
1075
1100
1134
1099
1076
1100
1132
1096
1077
1102
1135
1098
1076
1098
1131
1098
1076
1101
1131
1095
1072
1096
1130
1097
1076
1099
1131
1095
1073
1097
1130
1096
1075
1097
1129
1092
1071
1096
1130
1096
1073
1095
1127
1091
1070
1097
1130
1094
1071
1095
1127
1092
1071
1096
1129
1095
1071
1095
1127
1093
1072
1097
1130
1095
1072
1095
1129
1096
1076
1100
1132
1096
1073
1097
1130
1095
1074
1098
1131
1096
1076
1099
1132
1097
1075
1099
1132
1097
1075
1099
1132
1097
1075
1100
1132
1097
1076
1101
1135
1097
1076
1100
1134
1100
1078
1101
1134
1098
1074
1100
1133
1098
1080
1103
1133
1098
1075
1100
1135
1099
1079
1102
1132
1096
1074
1100
1134
1099
1077
1101
1133
1097
1077
1103
1137
1102
1078
1101
1132
1098
1078
1103
1135
1099
1076
1100
1133
1098
1078
1104
1135
1100
1077
1101
1135
1099
1079
1103
1135
1098
1076
1101
1135
1102
1080
1104
1135
1099
1078
1101
1133
1099
1077
1100
1132
1096
PWM set: -140
1289
1280
1253
1327
1254
1407
1334
1280
1252
1313
1319
1275
1285
1276
1250
1323
1252
1278
1317
1274
1249
1276
1316
1275
1253
1281
1320
1278
1251
1278
1318
1276
1253
1281
1320
1279
1254
1281
1322
1280
1257
1285
1321
1279
1254
1284
1323
1282
1258
1285
1323
1280
1255
1284
1324
1283
1257
1285
1323
1280
1256
1287
1327
1284
1259
1288
1323
1281
1258
1287
1325
1282
1259
1287
1323
1279
1256
1284
1319
1279
1255
1281
1318
1278
1256
1283
1322
1281
1254
1283
1323
1283
1259
1286
1325
1281
1256
1287
1328
1285
1262
1290
1328
1285
1260
1288
1327
1284
1259
1287
1325
1283
1259
1288
1324
1282
1256
1281
1318
1274
1251
1280
1318
1276
1250
1280
1318
1278
1254
1282
1321
1278
1253
1282
1321
1282
1257
1285
1324
1281
1258
1286
1327
1285
1261
1289
1327
1286
1261
1290
1328
1284
1262
1288
1326
1283
1258
1286
1324
1281
1255
1282
1320
1278
1255
1283
1320
1277
1252
1280
1319
1277
1254
1280
1318
1276
1252
1280
1320
1280
1254
1281
1318
1277
1254
1283
1323
1281
1256
1284
1322
1278
1256
1285
1325
1280
1254
1282
1321
1279
1257
1283
1323
1280
1255
1281
1320
1279
1258
1286
1322
1281
1257
1285
1323
1281
1257
1284
1321
1280
1254
1281
1320
1280
1257
1283
1322
1280
1255
1285
1325
1284
1258
1285
1321
1280
1256
1286
1325
1282
1256
1284
1321
1281
1257
1285
1322
1281
1257
1286
1324
PWM set: -120
1574
1581
1529
1539
1526
1496
1584
1500
1681
1594
1531
1494
1566
1576
1526
1538
1524
1584
1684
1534
1574
1529
1529
1588
1686
1533
1570
1529
1529
1590
1689
1536
1573
1531
1530
1589
1687
1538
1577
1538
1536
1596
1694
1541
1576
1532
1530
1588
1687
1538
1577
1536
1537
1596
1693
1540
1577
1532
1531
1593
1691
1542
1580
1538
1537
1594
1694
1541
1577
1534
1534
1593
1691
1541
1580
1536
1535
1594
1692
1540
1578
1534
1534
1595
1695
1545
1582
1537
1534
1594
1692
1537
1573
1527
1527
1586
1684
1533
1569
1530
1531
1590
1687
1536
1575
1533
1535
1595
1693
1540
1577
1535
1534
1593
1692
1541
1582
1539
1539
1599
1697
1546
1583
1540
1538
1599
1699
1547
1587
1544
1541
1602
1699
1548
1583
1538
1537
1596
1697
1544
1580
1536
1533
1590
1685
1532
1569
1526
1527
1589
1688
1538
1577
1534
1534
1594
1690
1537
1578
1537
1538
1600
1699
1547
1585
1541
1539
1596
1695
1544
1584
1540
1542
1603
1701
1547
1583
1540
1536
1597
1694
1543
1581
1540
1538
1597
1693
1541
1577
1530
1530
1588
1686
1537
1577
1535
1536
1595
1693
1542
1579
1535
1537
1597
1695
1543
1581
1537
1534
1595
1693
1542
1579
1536
1536
1596
1697
1544
1583
1539
1538
1598
1695
1542
1580
1538
1539
1597
1697
1545
1581
1538
1536
1595
1692
1540
1576
1534
1532
1591
1688
1536
1577
1535
1533
1593
1692
1539
1581
1537
1536
PWM set: -100
1893
1904
1890
1847
1960
1852
2080
1969
1892
1850
1941
1952
1892
1901
1887
1849
1964
2083
1897
1944
1890
1890
1967
2088
1902
1950
1899
1893
1969
2091
1902
1951
1898
1894
1969
2091
1903
1948
1896
1889
1967
2091
1902
1949
1895
1891
1969
2092
1904
1952
1898
1896
1971
2091
1901
1945
1892
1888
1966
2087
1900
1945
1895
1891
1966
2082
1894
1945
1893
1892
1970
2090
1900
1947
1896
1890
1964
2084
1899
1951
1904
1902
1977
2099
1910
1957
1900
1894
1968
2091
1905
1954
1902
1896
1972
2098
1910
1957
1903
1899
1975
2098
1912
1961
1906
1899
1976
2097
1906
1950
1895
1891
1967
2090
1902
1951
1894
1892
1970
2090
1903
1950
1899
1898
1976
2100
1910
1955
1903
1898
1973
2092
1905
1952
1903
1902
1982
2106
1914
1960
1906
1900
1975
2095
1909
1956
1905
1904
1977
2096
1909
1956
1905
1897
1974
2096
1911
1959
1908
1904
1978
2100
1910
1955
1900
1894
1971
2092
1907
1955
1904
1899
1973
2095
1904
1946
1896
1893
1974
2099
1911
1958
1903
1900
1976
2094
1902
1949
1900
1897
1974
2096
1906
1950
1898
1895
1970
2088
1903
1950
1904
1902
1981
2103
1913
1959
1905
1900
1975
2097
1909
1956
1905
1902
1980
2099
1912
1958
1906
1901
1976
2098
1913
1959
1909
1903
1979
2102
1914
1959
1907
1901
1978
2102
1915
1960
1906
1901
1976
2102
1910
1954
1900
1898
1979
2103
1917
1963
1910
1905
1984
PWM set: -80
2428
2381
2539
2405
2703
2555
2462
2401
2525
2537
2457
2462
2444
2395
2553
2413
2711
2464
2517
2451
2439
2547
2705
2460
2514
2447
2437
2537
2687
2438
2495
2432
2425
2529
2686
2440
2503
2436
2427
2529
2688
2449
2514
2456
2450
2554
2713
2466
2527
2457
2440
2543
2699
2457
2522
2458
2448
2553
2708
2465
2521
2452
2441
2550
2710
2472
2536
2472
2459
2565
2726
2475
2533
2462
2452
2562
2724
2480
2541
2468
2458
2560
2714
2465
2520
2452
2445
2554
2715
2470
2529
2462
2455
2558
2715
2465
2517
2458
2451
2561
2718
2468
2521
2451
2436
2535
2687
2444
2510
2452
2449
2560
2717
2473
2533
2463
2454
2554
2706
2464
2527
2462
2451
2558
2709
2463
2518
2451
2440
2540
2699
2461
2525
2464
2453
2562
2723
2476
2537
2468
2453
2558
2713
2468
2528
2461
2450
2557
2711
2465
2524
2456
2446
2552
2709
2465
2520
2457
2447
2554
2709
2465
2525
2460
2453
2563
2721
2474
2533
2468
2455
2553
2706
2455
2516
2456
2448
2556
2711
2472
2531
2466
2455
2562
2723
2478
2541
2474
2464
2569
2725
2483
2537
2463
2448
2552
2711
2471
2533
2466
2453
2558
2713
2466
2521
2456
2446
2558
2725
2481
2544
2477
2470
2581
2739
2492
2552
2483
2477
2586
2751
2501
2562
2490
2475
2577
2729
2478
2527
2458
2455
2561
2729
2479
2538
2469
2457
2557
2714
2473
2542
2480
2474
2582
2740
2491
2548
2476
2463
2564
2716
PWM set: -60
3541
3342
3756
3526
3415
3315
3498
3511
3411
3400
3392
3317
3566
3364
3783
3550
3432
3516
3427
3394
3560
3773
3424
3504
3413
3374
3526
3739
3393
3468
3378
3340
3508
3723
3379
3466
3382
3362
3543
3773
3434
3519
3429
3398
3566
3779
3432
3511
3420
3394
3563
3784
3430
3501
3411
3374
3540
3757
3410
3485
3392
3376
3549
3780
3432
3518
3434
3396
3561
3773
3419
3505
3422
3406
3584
3807
3456
3536
3443
3398
3556
3755
3401
3493
3409
3389
3564
3792
3450
3530
3443
3406
3572
3798
3454
3537
3450
3416
3588
3812
3455
3526
3432
3394
3559
3782
3428
3507
3414
3387
3563
3779
3434
3517
3428
3408
3584
3806
3451
3530
3437
3411
3579
3799
3444
3515
3420
3387
3556
3772
3412
3497
3404
3373
3547
3770
3426
3517
3435
3411
3586
3806
3456
3537
3443
3411
3581
3799
3447
3530
3440
3407
3576
3797
3447
3522
3429
3398
3575
3796
3452
3532
3445
3411
3577
3798
3442
3522
3440
3419
3601
3830
3483
3559
3460
3429
3594
3804
3447
3517
3419
3389
3573
3800
3455
3539
3452
3430
3594
3815
3456
3531
3440
3421
3603
3842
3486
3569
3478
3444
3611
3826
3464
3547
3456
3425
3597
3819
3466
3549
3457
3428
3600
3823
3474
3561
3472
3438
3610
3829
3475
3551
3460
3427
3590
3810
3462
3544
3454
3418
3593
3818
3461
3544
3449
3409
3573
3801
3457
3544
3456
3434
3612
3836
3480
3564
3465
3434
3611
3835
3482
PWM set: -40
5895
5421
5321
5090
5441
5432
5303
5154
5174
5021
5525
5194
5862
5396
5290
5066
5416
5408
5280
5132
5164
5006
5500
5173
5845
5377
5264
5042
5384
5380
5250
5124
5145
4999
5502
5190
5868
5404
5293
5082
5445
5436
5319
5168
5195
5045
5554
5226
5900
5428
5323
5119
5484
5487
5361
5218
5240
5081
5587
5256
5929
5447
5337
5122
5494
5483
5353
5200
5240
5089
5604
5275
5955
5478
5372
5159
5521
5513
5385
5237
5277
5116
5619
5278
5966
5480
5371
5131
5499
5488
5351
5199
5237
5070
5563
5218
5896
5421
5305
5087
5464
5458
5331
5195
5246
5100
5608
5279
5995
5509
5387
5166
5549
5534
5399
5236
5285
5127
5629
5300
6003
5527
5409
5185
5566
5542
5399
5243
5291
5121
5624
5292
5991
5499
5379
5156
5529
5508
5351
5198
5240
5086
5585
5266
5945
5472
5359
5138
5508
5499
5377
5240
5303
5142
5651
5310
6002
5511
5391
5161
5531
5521
5392
5259
5314
5173
5688
5350
6058
5561
5434
5197
5578
5557
5429
5270
5322
5157
5672
5329
6027
5533
5410
5170
5555
5548
5419
5264
5314
5164
5674
5324
6017
5530
5415
5174
5566
5548
5416
5265
5313
5154
5663
5307
5996
5497
5362
5122
5478
5463
5323
5181
5221
5072
5560
5229
5922
5440
5338
5102
5468
5450
5321
5183
5235
5080
5576
5247
5930
5458
5339
5105
5465
5463
5332
5195
5220
5063
5568
5237
5921
5434
5327
5086
5448
5434
5305
5167
5198
5046
5541
PWM set: -20
8910
9330
8785
10444
9648
11075
9430
9659
8933
10131
9860
9853
8880
9361
8858
10628
9871
11336
9616
9873
9133
10374
10056
9997
8987
9477
8928
10718
9884
11373
9676
9955
9194
10459
10110
10061
9001
9471
8931
10666
9921
11396
9640
9903
9165
10421
10108
10081
9035
9597
9024
10822
10043
11535
9745
10003
9202
10500
10140
10066
9037
9556
8982
10708
9969
11484
9678
9875
9169
10478
10126
10064
9031
9613
9064
10825
10070
11712
9835
10000
9215
10504
10139
10023
9002
9476
8914
10623
9830
11266
9505
9721
8999
10277
9978
9934
8956
9458
8917
10658
9819
11285
9564
9840
9139
10437
10151
10102
9083
9561
9005
10771
9904
11376
9587
9864
9090
10356
10052
10019
9016
9539
8965
10714
9907
11413
9667
9894
9135
10365
10045
9992
8973
9406
8833
10535
9716
11220
9509
9732
9012
10286
9994
9948
8918
9352
8798
10489
9666
11033
9414
9650
8906
10036
9789
9734
8859
9268
8728
10449
9638
10963
9362
9618
8890
10027
9764
9720
8801
9269
8814
10589
9793
11182
9515
9802
9046
10227
9968
9993
8969
9478
8934
10715
9852
11265
9544
9846
9058
10310
10012
9969
8945
9373
8854
10602
9770
11132
9466
9710
9016
10243
9955
9978
8949
9388
8877
10659
9831
11238
9540
9813
9044
10255
9989
9937
8911
9337
8831
10561
9680
10998
9378
9632
8887
10083
9829
9813
8862
9290
8772
10462
9586
10911
9338
9576
8925
10089
9894
9912
8923
9376
8883
10661
9795
11174
9512
9831
9056
10258
10063
PWM set: 0
0
0
0
0
0
0
0
0
0
0
0
0
0
0
0
0
0
0
0
0
0
0
0
0
0
0
0
0
0
0
0
0
0
0
0
0
0
0
0
0
0
0
0
0
0
0
0
0
0
0
0
0
0
0
0
0
0
0
0
0
0
0
0
0
0
0
0
0
0
0
0
0
0
0
0
0
0
0
0
0
0
0
0
0
0
0
0
0
0
0
0
0
0
0
0
0
0
0
0
0
0
0
0
0
0
0
0
0
0
0
0
0
0
0
0
0
0
0
0
0
0
0
0
0
0
0
0
0
0
0
0
0
0
0
0
0
0
0
0
0
0
0
0
0
0
0
0
0
0
0
0
0
0
0
0
0
0
0
0
0
0
0
0
0
0
0
0
0
0
0
0
0
0
0
0
0
0
0
0
0
0
0
0
0
0
0
0
0
0
0
0
0
0
0
0
0
0
0
0
0
0
0
0
0
0
0
0
0
0
0
0
0
0
0
0
0
0
0
0
0
0
0
0
0
0
0
0
0
0
0
0
0
0
0
0
0
0
0
0
0
0
0
0
0
0
0
0
0
0
0
0
PWM set: 20
9967
9471
9891
10571
11329
10239
10325
9610
9605
10163
10727
10840
9964
9565
10017
10603
11378
10247
10357
9635
9671
10228
10792
10929
9984
9520
9940
10544
11253
10086
10174
9485
9568
10121
10664
10816
9999
9511
9964
10573
11374
10300
10412
9685
9697
10253
10834
11009
10023
9514
9927
10487
11182
10085
10177
9470
9551
10150
10766
10870
9970
9483
9958
10608
11412
10330
10399
9676
9671
10305
10890
10989
9998
9446
9885
10489
11251
10191
10290
9590
9672
10212
10833
10921
10007
9512
9945
10582
11395
10344
10390
9660
9649
10289
10848
10971
10154
9760
10221
10835
11643
10582
10661
9813
9798
10390
10970
11038
10097
9625
10047
10643
11398
10354
10420
9644
9574
10071
10613
10840
9935
9440
9856
10491
11381
10288
10384
9635
9666
10259
10815
10925
10032
9552
9973
10620
11458
10412
10445
9681
9695
10318
10887
11072
10119
9683
10149
10762
11590
10491
10558
9788
9800
10400
10944
11013
10032
9550
9974
10537
11270
10175
10279
9569
9578
10237
10817
11007
10099
9589
10068
10666
11439
10349
10454
9705
9708
10321
10894
11047
10121
9646
10103
10645
11372
10252
10301
9585
9533
10127
10738
10817
9963
9488
9964
10587
11357
10257
10318
9569
9546
10122
10645
10780
9912
9499
9968
10549
11319
10282
10415
9674
9698
10285
10898
10972
10051
9629
10086
10684
11441
10350
10411
9703
9709
10314
10882
10954
10014
9539
9954
10566
11270
10252
10379
9661
9650
10250
10852
10980
10065
9625
10061
10706
11435
10379
10454
9701
9667
10202
10739
PWM set: 40
5333
5439
5529
5595
5772
5637
5366
5565
5813
6166
5528
5708
5387
5475
5557
5604
5768
5610
5325
5511
5739
6112
5471
5652
5335
5442
5535
5600
5765
5623
5350
5544
5786
6135
5491
5670
5337
5433
5521
5571
5737
5595
5333
5540
5775
6138
5496
5686
5372
5479
5593
5653
5825
5671
5409
5607
5852
6207
5550
5723
5401
5495
5579
5639
5803
5677
5395
5595
5834
6203
5552
5738
5412
5508
5603
5656
5824
5664
5379
5561
5775
6121
5484
5658
5338
5441
5543
5616
5783
5644
5367
5579
5823
6195
5553
5741
5416
5515
5621
5682
5848
5687
5402
5592
5823
6169
5517
5712
5376
5496
5594
5664
5834
5694
5421
5622
5864
6227
5569
5749
5418
5508
5607
5654
5793
5621
5331
5506
5744
6084
5428
5620
5296
5396
5490
5549
5728
5594
5329
5524
5770
6137
5502
5690
5383
5474
5572
5624
5780
5625
5338
5537
5783
6158
5506
5706
5388
5492
5598
5664
5835
5686
5400
5589
5830
6181
5533
5705
5367
5456
5553
5605
5780
5631
5358
5574
5815
6178
5528
5725
5413
5511
5604
5658
5820
5664
5373
5558
5770
6108
5459
5654
5339
5436
5528
5586
5769
5635
5354
5569
5808
6181
5537
5734
5417
5517
5618
5670
5847
5692
5405
5578
5772
6109
5460
5654
5327
5419
5503
5572
5728
5595
5306
5507
5741
6099
5466
5655
5342
5447
5546
5603
5768
5618
5324
5507
5726
6073
5425
5623
5319
5429
5513
5581
5745
5611
5335
5538
5775
6131
5485
PWM set: 60
3645
3778
3990
3562
3699
3495
3582
3618
3616
3726
3694
3515
3634
3772
3990
3569
3713
3591
3625
3688
3608
3966
3695
3580
3622
3706
3649
4008
3730
3597
3615
3680
3612
3979
3700
3584
3624
3702
3639
3996
3708
3565
3594
3664
3607
3973
3703
3592
3636
3710
3650
3996
3700
3563
3591
3673
3612
3970
3696
3579
3612
3687
3619
3968
3688
3567
3603
3676
3615
3980
3705
3579
3614
3677
3609
3962
3688
3576
3615
3692
3640
4006
3723
3596
3620
3681
3607
3965
3695
3575
3614
3697
3635
3997
3715
3585
3606
3670
3609
3972
3690
3576
3611
3694
3625
3986
3695
3558
3579
3640
3581
3939
3672
3565
3606
3683
3623
3986
3704
3571
3606
3689
3637
4007
3737
3618
3652
3725
3652
3994
3705
3569
3607
3684
3625
3993
3708
3586
3615
3685
3612
3961
3686
3572
3614
3690
3637
4002
3714
3589
3610
3667
3591
3944
3678
3558
3590
3669
3611
3970
3693
3570
3590
3659
3597
3950
3677
3556
3590
3663
3604
3964
3682
3552
3585
3657
3607
3963
3698
3585
3626
3700
3635
3988
3695
3567
3599
3676
3613
3970
3700
3579
3614
3697
3628
3975
3688
3563
3610
3683
3631
4000
3726
3597
3628
3692
3613
3958
3678
3565
3599
3671
3620
3981
3699
3582
3610
3677
3602
3957
3694
3580
3625
3706
3652
4016
3733
3600
3613
3680
3611
3967
3687
3564
3603
3676
3614
3969
3687
3553
3574
3651
3598
3955
3687
3572
3609
3682
3618
3969
3678
PWM set: 80
2880
2576
2685
2541
2604
2623
2610
2694
2674
2547
2631
2724
2877
2569
2674
2528
2586
2598
2667
2626
2883
2686
2608
2612
2677
2628
2873
2675
2588
2597
2663
2620
2877
2679
2596
2605
2666
2620
2868
2670
2592
2602
2673
2633
2888
2690
2607
2607
2670
2617
2865
2673
2588
2603
2672
2627
2879
2678
2589
2587
2649
2606
2860
2668
2588
2599
2669
2623
2875
2670
2582
2584
2647
2607
2860
2669
2590
2599
2662
2614
2857
2649
2560
2569
2637
2596
2851
2661
2584
2594
2667
2620
2870
2665
2581
2591
2660
2617
2874
2682
2601
2608
2670
2613
2859
2659
2580
2590
2656
2617
2878
2682
2602
2605
2663
2613
2865
2673
2595
2606
2679
2635
2888
2690
2601
2598
2658
2609
2860
2667
2586
2599
2667
2627
2883
2681
2594
2599
2666
2622
2878
2684
2604
2611
2676
2627
2872
2666
2580
2583
2653
2611
2870
2677
2594
2604
2667
2617
2863
2663
2579
2592
2660
2623
2879
2684
2599
2607
2666
2613
2861
2663
2584
2595
2660
2617
2870
2672
2585
2584
2640
2589
2842
2651
2570
2582
2652
2613
2863
2670
2582
2581
2642
2593
2850
2659
2581
2594
2661
2616
2867
2669
2578
2584
2648
2604
2859
2666
2590
2600
2662
2616
2864
2666
2578
2587
2658
2618
2874
2680
2600
2607
2669
2619
2859
2661
2571
2578
2647
2602
2860
2664
2584
2593
2653
2604
2853
2659
2581
2592
2663
2621
2878
2681
2598
2601
2655
2608
2856
2662
2586
PWM set: 100
2066
1957
2003
2019
2000
2059
2048
1948
2010
2084
2203
1969
2054
1948
1997
2015
2001
2058
2025
2220
2066
2002
1997
2051
2014
2209
2061
2003
2004
2060
2025
2217
2061
1997
1994
2049
2013
2209
2063
2002
2006
2059
2022
2211
2056
1994
1994
2050
2015
2211
2063
2003
2000
2051
2012
2197
2047
1988
1993
2052
2020
2216
2068
2007
2006
2059
2018
2209
2058
1999
2001
2057
2023
2216
2066
2002
1999
2050
2010
2201
2053
1996
1998
2057
2022
2215
2064
1997
1992
2045
2011
2209
2062
2002
2005
2060
2027
2216
2060
1989
1990
2044
2010
2204
2057
1999
2001
2058
2021
2209
2056
1994
1996
2056
2024
2223
2074
2013
2013
2067
2028
2212
2061
1997
1998
2058
2023
2218
2068
2006
2007
2056
2012
2207
2059
2000
2005
2061
2029
2225
2072
2008
2001
2049
2006
2198
2049
1988
1987
2044
2011
2204
2055
1992
1987
2040
2007
2202
2057
1999
2002
2060
2025
2216
2062
1997
1991
2048
2015
2207
2062
2003
2001
2057
2019
2208
2054
1990
1993
2051
2017
2208
2061
2000
1997
2051
2010
2196
2048
1986
1990
2048
2016
2209
2061
1999
1998
2050
2008
2199
2050
1991
1996
2055
2023
2214
2062
1998
1995
2050
2010
2202
2057
2000
2004
2063
2028
2222
2071
2005
1999
2051
2015
2208
2061
2001
2000
2056
2019
2209
2053
1990
1987
2045
2013
2206
2060
2001
2004
2059
2020
2207
2053
1991
1989
2046
2015
2207
2059
1999
2000
PWM set: 120
1602
1617
1601
1654
1651
1575
1625
1687
1782
1597
1664
1577
1616
1630
1612
1664
1658
1627
1778
1655
1610
1609
1658
1631
1785
1665
1611
1606
1650
1620
1773
1654
1606
1607
1655
1627
1783
1661
1611
1602
1648
1618
1772
1654
1608
1606
1655
1625
1777
1654
1602
1596
1644
1614
1769
1650
1604
1602
1649
1620
1773
1651
1602
1600
1647
1622
1777
1661
1614
1611
1658
1628
1777
1654
1603
1602
1651
1624
1780
1660
1613
1608
1654
1622
1772
1654
1607
1607
1656
1631
1787
1666
1616
1611
1653
1621
1772
1651
1602
1600
1648
1622
1776
1656
1605
1597
1644
1615
1768
1652
1607
1608
1655
1627
1782
1660
1611
1605
1650
1620
1774
1655
1607
1606
1653
1623
1775
1653
1603
1598
1646
1619
1775
1657
1609
1609
1655
1624
1774
1652
1603
1600
1648
1621
1774
1655
1606
1604
1651
1620
1770
1651
1602
1601
1648
1621
1774
1655
1604
1601
1645
1613
1763
1644
1601
1599
1648
1621
1775
1655
1608
1603
1647
1617
1772
1654
1606
1606
1653
1625
1778
1655
1603
1598
1645
1618
1772
1656
1606
1605
1651
1621
1771
1650
1601
1597
1644
1616
1771
1653
1605
1603
1649
1619
1771
1650
1600
1600
1648
1623
1777
1659
1610
1606
1652
1621
1772
1654
1604
1604
1652
1625
1781
1661
1612
1606
1647
1620
1774
1658
1613
1612
1661
1632
1787
1664
1612
1605
1651
1623
1778
1657
1611
1610
1657
1628
1780
1658
1609
1602
1649
PWM set: 140
1337
1382
1377
1314
1354
1404
1480
1326
1379
1308
1339
1349
1334
1378
1373
1309
1350
1325
1341
1384
1352
1322
1333
1378
1352
1327
1341
1383
1351
1320
1332
1374
1348
1322
1337
1378
1346
1317
1333
1378
1352
1326
1338
1378
1345
1319
1335
1377
1348
1324
1331
1371
1341
1319
1335
1378
1350
1318
1332
1371
1343
1318
1334
1376
1345
1315
1328
1372
1345
1321
1337
1379
1348
1317
1332
1376
1351
1326
1339
1379
1347
1318
1334
1379
1351
1324
1334
1373
1343
1314
1331
1376
1350
1321
1334
1373
1344
1319
1337
1379
1350
1320
1333
1374
1346
1322
1338
1380
1349
1320
1333
1374
1347
1322
1337
1377
1345
1316
1330
1374
1346
1320
1333
1374
1343
1315
1331
1376
1350
1323
1336
1375
1344
1317
1333
1379
1350
1322
1334
1373
1344
1318
1336
1379
1349
1320
1332
1371
1343
1318
1334
1376
1346
1316
1328
1369
1341
1317
1334
1376
1346
1316
1331
1373
1346
1320
1335
1376
1345
1317
1332
1376
1348
1323
1335
1374
1342
1315
1330
1373
1344
1319
1331
1373
1342
1316
1332
1374
1347
1319
1331
1372
1341
1315
1332
1375
1347
1318
1330
1373
1345
1318
1332
1376
1343
1313
1329
1370
1343
1319
1332
1373
1341
1313
1328
1371
1345
1317
1329
1367
1340
1314
1333
1377
1350
1322
1330
1370
1342
1314
1331
1376
1345
1315
1326
1369
1343
1318
1334
1377
1346
1316
1329
1372
1344
1320
1336
1376
1343
1312
1327
PWM set: 160
1111
1137
1148
1135
1172
1168
1114
1147
1190
1255
1123
1168
1109
1135
1147
1134
1174
1149
1127
1139
1172
1144
1121
1135
1170
1147
1125
1135
1168
1142
1119
1136
1171
1147
1125
1136
1171
1144
1122
1136
1170
1147
1122
1133
1166
1142
1121
1135
1168
1142
1118
1129
1163
1141
1120
1133
1167
1140
1116
1130
1165
1142
1122
1136
1169
1144
1120
1133
1169
1146
1124
1137
1170
1146
1122
1137
1173
1148
1126
1136
1168
1144
1123
1137
1170
1144
1120
1131
1165
1142
1122
1137
1172
1149
1125
1137
1171
1147
1127
1140
1173
1148
1121
1134
1170
1147
1125
1137
1170
1145
1120
1134
1169
1145
1122
1133
1166
1140
1117
1132
1168
1144
1123
1133
1169
1144
1122
1136
1172
1146
1123
1135
1169
1144
1122
1134
1170
1145
1120
1131
1165
1143
1121
1136
1170
1144
1120
1133
1167
1144
1123
1136
1169
1144
1121
1136
1171
1149
1127
1139
1173
1147
1123
1138
1172
1146
1122
1134
1167
1142
1119
1134
1169
1144
1122
1134
1168
1143
1121
1133
1168
1144
1121
1133
1167
1145
1125
1138
1171
1144
1120
1133
1169
1146
1123
1135
1169
1143
1119
1134
1172
1148
1126
1138
1173
1147
1124
1139
1174
1150
1127
1139
1171
1145
1122
1138
1172
1148
1124
1136
1168
1143
1120
1135
1169
1144
1122
1133
1167
1143
1121
1137
1170
1144
1120
1134
1169
1147
1124
1138
1171
1144
1121
1135
1172
1148
1126
1138
1170
1144
1122
PWM set: 180
1091
977
1018
964
988
997
984
1016
1014
967
995
1033
1088
976
1015
963
988
996
1017
995
976
986
1015
993
976
989
1017
998
978
987
1015
994
976
987
1016
994
974
984
1013
994
977
987
1016
995
976
988
1017
997
978
990
1018
997
977
987
1017
998
978
989
1018
996
977
989
1019
999
978
988
1017
995
978
990
1019
998
978
988
1016
995
977
989
1017
994
974
985
1013
993
974
986
1015
991
972
983
1013
994
976
986
1015
992
973
985
1016
995
976
987
1014
992
972
984
1014
994
975
983
1013
992
974
985
1016
994
973
983
1013
992
974
986
1015
993
974
984
1014
994
975
986
1015
994
973
984
1013
995
976
986
1016
992
973
984
1014
995
977
985
1012
991
974
985
1016
996
976
987
1014
994
976
987
1016
996
975
984
1014
993
974
987
1014
992
972
983
1013
993
976
987
1015
991
972
984
1014
994
975
986
1013
991
972
983
1014
993
976
984
1013
991
972
984
1014
993
974
982
1011
989
971
984
1015
995
974
984
1013
991
974
985
1014
992
972
982
1012
993
974
985
1013
990
971
981
1011
992
972
982
1011
990
969
981
1011
991
971
983
1010
989
971
985
1013
994
974
984
1013
991
973
984
1014
992
971
983
1011
PWM set: 200
867
897
895
852
877
911
959
859
894
849
869
876
865
895
892
852
876
910
960
850
866
852
958
849
865
851
960
849
866
852
959
849
865
851
960
850
866
851
958
847
866
852
960
850
866
852
958
848
867
854
961
850
868
851
959
849
868
851
960
848
866
852
961
851
868
854
960
849
866
851
961
850
868
853
959
849
866
852
961
851
867
853
960
850
866
852
960
848
866
851
959
848
866
852
960
849
866
851
958
848
866
850
958
845
862
847
956
845
864
850
957
844
862
848
957
846
863
847
954
843
861
847
957
847
864
849
955
846
864
849
958
847
863
848
955
845
865
851
958
846
862
848
956
846
865
850
955
844
860
846
954
846
863
849
955
844
862
848
957
847
865
848
954
843
861
847
956
845
862
847
954
844
863
848
955
844
861
848
954
844
863
849
955
843
861
847
955
845
865
849
956
844
862
847
956
846
863
849
954
844
861
848
955
846
863
849
955
845
863
849
957
846
862
847
953
843
860
846
954
844
861
849
954
846
865
850
958
847
864
849
956
845
863
849
956
844
861
848
956
846
864
850
956
845
863
849
957
847
865
849
956
PWM set: 220
813
856
768
798
758
778
784
773
798
797
759
781
812
855
766
797
755
775
782
797
812
756
771
758
765
773
796
781
797
782
796
855
756
772
759
766
775
797
810
796
783
796
856
756
771
780
766
775
797
811
795
780
757
855
756
772
780
766
775
796
811
798
784
758
854
754
797
780
765
780
793
809
755
771
759
767
775
797
779
796
781
797
854
755
769
778
765
775
797
810
795
780
757
854
755
770
778
762
771
792
809
794
769
755
850
771
795
779
795
780
794
851
755
772
780
765
772
793
809
794
771
757
852
772
794
776
793
779
794
850
752
767
777
763
773
793
808
792
767
756
852
772
793
777
792
778
794
853
753
767
776
763
773
794
809
793
767
754
850
770
794
776
791
776
790
849
751
768
776
761
769
791
806
791
767
754
849
769
792
775
792
777
791
848
750
766
776
761
769
790
805
790
767
754
848
769
791
774
790
777
792
849
751
766
775
760
771
790
804
789
765
752
848
770
793
775
791
777
792
851
754
767
775
760
770
792
807
792
765
752
848
769
792
776
792
777
791
851
753
769
777
762
771
791
806
792
766
753
848
768
791
PWM set: 240
694
718
716
682
701
728
767
688
715
677
696
702
693
716
716
681
701
729
717
703
682
688
697
717
730
679
718
701
714
694
682
688
697
716
769
680
718
730
716
693
680
687
702
715
768
696
716
728
679
694
700
685
701
680
768
695
713
726
676
691
700
715
702
680
686
694
715
767
677
715
699
712
693
682
688
702
714
767
696
716
729
714
691
700
687
703
681
768
695
716
729
680
693
701
714
702
681
687
695
713
726
677
715
701
715
693
681
687
702
715
768
678
716
728
714
693
701
686
701
680
766
695
716
726
675
690
699
713
702
680
687
695
715
729
679
716
700
713
692
681
688
697
716
767
678
718
729
715
691
700
687
703
715
767
696
716
727
678
692
698
712
699
678
686
694
712
726
676
715
700
714
693
679
686
702
716
769
678
716
727
714
695
702
688
703
714
767
696
716
728
677
692
700
716
703
681
767
696
714
728
679
717
701
715
702
681
687
696
714
767
677
715
728
713
692
678
685
701
714
767
695
716
728
678
693
701
686
701
680
766
695
714
727
677
716
700
715
702
679
685
694
713
767
676
714
726
712
692
680
687
700
PWM set: 260
634
640
632
653
651
621
639
664
700
627
651
618
633
639
631
652
651
620
626
641
621
627
640
620
627
641
620
625
638
619
625
640
619
625
639
619
625
639
618
625
638
620
626
640
620
626
639
621
627
633
651
697
632
650
696
630
648
696
632
651
698
632
649
697
632
649
697
631
649
698
632
649
697
632
650
699
633
650
697
631
651
698
631
648
696
632
650
697
631
649
696
632
649
697
632
647
696
632
649
696
629
648
697
632
647
696
631
648
696
631
648
695
630
649
697
632
648
696
632
649
697
631
649
697
632
649
696
630
648
697
632
648
695
629
647
696
632
649
696
630
650
698
633
650
697
632
650
698
632
649
696
631
648
696
630
646
695
631
648
695
630
646
695
629
646
694
629
647
695
629
646
694
629
647
696
631
648
697
631
650
698
631
649
695
630
649
696
629
646
695
631
649
695
630
647
695
631
647
694
629
646
696
631
647
695
629
647
695
631
646
693
630
648
695
630
647
695
630
648
695
629
646
694
630
648
694
628
646
695
630
647
694
628
646
694
629
646
694
629
647
695
630
646
694
629
647
695
631
647
695
630
PWM set: 280
580
585
577
597
595
566
583
607
640
572
594
566
581
585
577
597
596
606
564
596
638
579
595
572
584
565
593
575
582
564
595
638
579
594
570
584
565
594
576
582
563
595
606
577
593
570
584
566
593
575
581
563
595
605
579
593
570
583
565
593
574
581
563
594
604
578
593
571
583
564
592
574
582
563
595
604
579
594
571
583
564
593
575
582
564
595
606
579
594
638
583
565
571
576
581
564
596
607
581
597
640
587
569
575
579
585
597
600
611
568
600
643
584
570
575
587
586
598
580
609
567
598
642
583
598
575
589
570
597
580
586
567
599
610
567
598
641
582
569
573
586
585
596
579
609
566
597
641
582
569
575
587
569
597
579
585
567
598
642
583
598
574
588
569
574
578
584
566
599
610
581
597
641
587
569
575
578
585
597
600
611
568
599
642
583
597
574
587
569
597
580
586
567
600
611
583
599
643
589
571
577
581
587
599
602
613
569
600
645
586
571
577
590
572
601
582
589
570
603
614
585
602
646
592
573
580
592
590
600
584
614
571
602
645
586
603
646
590
572
577
581
587
598
601
612
569
599
644
584
570
577
PWM set: 300
531
552
525
539
542
534
554
552
526
541
565
593
531
552
525
538
542
526
551
535
564
537
550
529
534
539
524
550
529
541
540
523
552
590
540
523
549
550
589
535
522
548
531
561
534
522
527
532
561
522
548
526
531
537
521
547
588
538
536
520
549
588
538
522
548
550
589
535
522
548
530
560
534
522
527
532
561
522
548
527
531
537
520
546
588
538
537
521
549
589
539
522
548
550
588
534
522
548
531
560
534
522
526
531
560
533
547
526
530
537
520
547
526
538
537
520
550
587
538
536
547
548
587
538
521
546
548
587
533
521
546
530
559
533
521
524
529
559
519
546
525
530
537
521
547
526
537
537
520
548
587
537
536
546
549
587
537
521
547
548
588
532
521
547
530
559
533
520
525
530
559
532
546
526
529
534
519
545
525
536
535
519
546
586
537
535
519
547
586
536
520
546
548
587
532
520
546
547
557
531
519
544
528
557
531
519
525
529
557
531
546
525
528
557
519
545
525
535
534
519
545
585
535
533
518
547
584
535
534
546
548
586
536
519
546
547
585
532
519
546
547
557
531
519
524
528
556
531
546
525
528
PWM set: 320
511
509
485
499
520
545
488
509
483
495
499
493
510
507
484
498
519
498
498
484
507
488
493
518
494
483
508
509
544
491
519
494
483
509
509
545
497
497
482
506
508
509
544
497
497
482
505
487
491
543
497
497
482
506
486
491
518
493
482
481
505
486
490
517
494
483
507
509
544
492
518
493
482
508
509
544
497
497
482
482
506
508
544
496
496
481
506
487
491
544
498
497
482
505
486
492
517
492
481
481
506
486
491
517
493
482
507
508
487
491
517
494
482
506
508
543
497
497
493
481
507
508
542
495
496
480
504
507
507
543
496
496
479
504
485
490
542
495
496
479
504
484
490
516
495
495
480
504
485
489
516
492
481
480
505
485
489
515
492
481
506
504
484
489
516
492
481
506
507
542
490
516
492
482
506
507
543
496
495
491
480
506
506
541
495
495
480
480
505
507
542
495
495
481
505
485
508
542
495
495
480
503
485
489
541
495
496
480
503
484
490
515
494
495
480
504
485
490
516
492
481
481
504
485
490
515
491
480
506
504
484
489
516
492
481
506
507
485
489
515
492
481
505
506
541
495
515
491
480
507
507
PWM set: 340
473
451
464
483
508
454
474
449
461
465
459
475
472
450
463
482
473
474
453
458
482
463
462
459
448
447
470
472
472
451
456
505
462
480
459
462
447
448
471
470
452
472
505
456
479
462
461
458
447
447
469
471
471
451
456
505
462
479
457
460
446
446
469
468
450
471
503
455
478
461
460
456
447
445
469
470
470
450
454
504
461
479
457
460
446
446
471
469
451
472
504
456
480
462
460
457
447
446
469
470
471
450
454
503
461
477
456
460
445
446
470
468
450
470
503
454
477
460
458
456
445
444
468
469
469
449
454
503
461
477
461
459
456
446
445
469
469
470
450
454
502
460
477
456
459
445
446
469
467
449
470
502
453
477
460
458
455
445
445
467
468
467
448
469
501
453
478
460
459
456
446
445
467
468
469
449
453
502
460
478
456
459
445
446
469
468
450
471
502
454
504
461
477
456
460
444
445
468
467
449
469
502
453
478
460
459
456
446
445
468
469
470
450
454
503
460
477
455
459
445
446
445
468
451
470
449
455
503
461
478
456
459
446
445
469
468
449
470
503
454
477
461
460
457
446
446
468
469
470
450
454
PWM set: 360
440
419
433
450
474
423
442
420
429
435
428
444
441
420
432
450
419
419
442
440
441
439
441
441
441
442
423
443
423
442
423
442
473
427
473
426
472
427
472
426
448
433
449
432
449
433
447
427
431
427
430
427
430
428
430
427
418
417
418
417
417
416
418
417
438
439
438
440
438
439
438
440
438
421
441
422
442
421
441
421
440
470
424
470
424
470
424
470
423
470
431
447
431
447
430
446
430
446
431
446
426
429
425
428
425
429
425
429
426
429
415
416
416
417
416
416
416
417
416
417
438
437
438
438
438
438
439
438
437
440
420
440
421
440
421
440
421
440
471
424
470
424
471
425
471
425
472
433
447
432
448
432
446
431
446
431
429
426
430
425
429
426
430
425
430
415
416
415
417
415
416
415
416
416
416
415
437
438
436
439
438
439
438
438
437
420
439
420
439
419
439
420
439
419
439
469
423
470
425
470
423
469
423
469
424
446
430
445
429
445
430
446
430
446
430
428
425
429
425
428
426
430
426
429
425
417
415
416
415
416
414
416
415
416
414
416
437
436
437
437
438
436
438
436
436
435
437
438
419
438
419
PWM set: 380
395
404
409
403
417
415
396
407
424
446
399
417
394
405
408
403
423
409
424
408
444
402
445
402
398
417
398
415
398
413
415
414
415
394
393
394
391
405
402
405
402
422
406
422
407
444
402
444
399
443
415
397
415
397
413
413
412
414
394
392
395
392
405
403
405
402
422
407
422
407
421
401
443
399
442
415
396
415
397
413
414
413
414
394
392
395
392
404
402
405
401
421
407
421
406
442
399
443
400
397
414
396
415
413
412
413
413
392
393
392
394
402
405
403
404
407
421
407
422
407
443
400
443
400
398
416
397
415
414
413
414
412
392
394
392
393
401
404
402
404
406
421
406
421
399
443
399
443
415
396
414
397
413
413
412
413
394
392
393
392
404
402
404
403
421
406
421
407
442
400
443
400
397
415
396
414
414
411
413
412
393
393
391
393
402
404
401
405
406
420
406
421
399
442
400
443
415
397
414
397
411
414
411
413
393
391
393
391
405
401
404
402
422
407
421
406
443
399
442
400
396
414
396
413
413
411
414
412
391
393
391
393
402
405
401
403
406
420
406
420
399
442
398
442
413
396
413
396
412
414
412
PWM set: 400
396
413
434
389
405
384
393
398
392
407
404
386
397
414
435
389
392
389
407
389
404
406
404
384
386
395
396
394
413
398
412
391
434
405
388
406
405
404
383
386
384
396
394
396
397
412
397
434
391
389
406
389
403
405
385
383
386
393
396
393
413
398
433
392
434
406
389
406
405
404
385
386
384
397
393
396
399
413
398
434
392
389
406
389
404
405
404
384
386
393
397
394
414
398
413
392
434
406
388
406
405
405
406
385
384
397
393
396
398
413
398
433
391
389
405
388
404
404
404
384
385
393
396
394
413
398
413
391
433
405
389
405
405
404
383
385
384
397
393
397
399
412
398
434
391
388
407
389
403
404
384
384
386
394
396
393
412
398
434
391
435
406
388
406
405
404
384
385
384
396
394
397
398
413
392
434
392
389
405
388
403
404
386
383
386
393
396
394
413
398
434
392
434
406
390
406
404
403
383
385
383
395
393
412
397
412
392
433
392
389
405
404
403
404
385
384
385
392
395
397
412
398
435
392
388
406
388
403
405
403
383
384
393
395
392
412
398
433
390
434
406
387
403
405
404
383
386
382
395
392
411
Done!
